PHI,log10.PHI,Std.Dev,log10.Std.Dev,0.025,0.975,log10.0.025,log10.0.975
1.09831428527832,0.0349425263702869,0.178652550586795,0.0713178694017533,0.773836061855157,1.47142328719298,-0.11135104505595,0.167737561276984
1.53429424762726,0.180672898888588,0.245137741929242,0.0669877245447952,1.11687822242578,2.04602905114492,0.0480057866414537,0.310910907620672
1.28995561599731,0.104710966348648,0.209357009655684,0.0722493269300789,0.921434846520424,1.74181485970815,-0.0355355522938261,0.241001711639224
0.712683737277985,-0.152788579463959,0.105586595395629,0.0753686906352886,0.510713015496731,0.913550304373105,-0.291823081313316,-0.0392681506284076
1.00945675373077,-0.019452067092061,0.306882277109136,0.152749828620259,0.417175360023975,1.62472931245963,-0.379703210453468,0.210781010833901
0.269708037376404,-0.610733270645142,0.11019749139946,0.201691253333429,0.0827510442584753,0.500969245533148,-1.08223889965876,-0.300188944247902
1.11132442951202,0.0378551036119461,0.212912794586204,0.0839095780620098,0.732199846704801,1.5360090225935,-0.135382743753495,0.186393571906183
0.612184286117554,-0.277202397584915,0.339027652619776,0.250219070295251,0.131914748127262,1.33236429889997,-0.879706761090808,0.124622901200893
0.861397445201874,-0.0755892097949982,0.189674876891278,0.0982332540283998,0.52460636049509,1.25519844194253,-0.280168004208541,0.0987121282836737
0.999904215335846,-0.0166066810488701,0.259187657708754,0.126091719638214,0.504981063803037,1.5263103167216,-0.296735025700259,0.183642839642569
1.199631690979,0.0709178820252419,0.238695339853749,0.0838338923181272,0.80953279286623,1.69875304798285,-0.0917655568747084,0.230130247551392
0.360543012619019,-0.488143265247345,0.153729790981826,0.20957934279242,0.108470171069105,0.693447580933571,-0.964691735670064,-0.158988623483931
2.26905703544617,0.351267367601395,0.365286655050223,0.0605601903671345,1.79935596783956,3.03128023942312,0.25511708849207,0.481625844234214
0.361930429935455,-0.47729903459549,0.142100933468053,0.184092776847499,0.132125356669227,0.667585937678814,-0.879046705847198,-0.175495080721908
1.56868278980255,0.190467074513435,0.261830732956007,0.064282654247607,1.19018285870552,2.03200374046961,0.075613655147135,0.307924400463723
3.20851945877075,0.502641260623932,0.456173262609536,0.0543515174853747,2.63160488406817,4.30092903375626,0.420220536823904,0.633562063265593
1.5103565454483,0.174202665686607,0.244091547801621,0.0633048559535211,1.15775119761626,2.01660569111506,0.0636151363598548,0.304620961883969
0.67972069978714,-0.193397670984268,0.222979018851049,0.155523464744222,0.277001392592986,1.15210737884045,-0.55751903292385,0.0614886020435193
0.663221597671509,-0.188496887683868,0.131262315444809,0.100049616753303,0.408917702982823,0.912383172412713,-0.388372780927075,-0.0398228813907176
1.7495710849762,0.239041447639465,0.248011256086049,0.0569695160640858,1.36503545542558,2.23980312347412,0.135143514571068,0.350209843422193
1.82462549209595,0.256999313831329,0.290796235614139,0.0570267575107964,1.47060900727908,2.42161283890406,0.167497199754676,0.38410239052164
0.357850879430771,-0.474671423435211,0.121464960196661,0.165975223561895,0.13553544866542,0.605261041720708,-0.867947282533002,-0.218057610634979
0.570569455623627,-0.286152064800262,0.230563281763953,0.205816773380383,0.163123521457116,1.04531951347987,-0.787483695341427,0.0192486265197628
0.351467847824097,-0.531984746456146,0.262063013516157,0.260300895070462,0.0853334241857131,0.821262553830941,-1.06888611290277,-0.0855181305877092
2.02370524406433,0.302488774061203,0.283044481238389,0.0547741454750254,1.61383644839128,2.56339243650436,0.207859483645743,0.408811851926596
1.6484956741333,0.213590249419212,0.216082340512997,0.0545391151588895,1.27741780479749,2.07778990268707,0.106332354380803,0.317601421574679
0.859806299209595,-0.0739521235227585,0.16325937973375,0.0873472423657107,0.53957467575868,1.18387357592583,-0.267948795810503,0.0732919017818395
2.5194718837738,0.397892951965332,0.331590966414759,0.0535011311903357,2.00872232119242,3.30347927014033,0.302919845676801,0.518971546999175
0.393690377473831,-0.477317661046982,0.335383524007597,0.245727296498421,0.0993083892390132,0.887476902206738,-1.00308588872042,-0.0518505538692136
0.46170637011528,-0.355118155479431,0.125893639471016,0.13877615567207,0.184215968350569,0.703632725278536,-0.734679945409478,-0.152658049009053
0.905129253864288,-0.0704169571399689,0.305956740003265,0.160589162218383,0.348382652550936,1.57704366147518,-0.457959003971313,0.197827418643621
1.66911447048187,0.216662421822548,0.276081935476508,0.0713211568675232,1.17075281540553,2.21689216693242,0.0684651802556222,0.345744355327436
0.590762734413147,-0.258443564176559,0.209292612306503,0.167982250602559,0.23450841717422,1.04342056512833,-0.629841677565117,0.0184554832418795
0.562991380691528,-0.286358118057251,0.217131339503314,0.189824202987242,0.193490818018715,1.03898688058058,-0.713339674358024,0.0166100542131051
0.223768383264542,-0.685570657253265,0.0862801180996372,0.183034430393009,0.0813757319624225,0.410081563144922,-1.08950604482825,-0.387129969913054
1.04897785186768,0.0123222572728992,0.196699936552673,0.0887514922778838,0.65833009382089,1.43333950142066,-0.181556822593354,0.156348716321095
0.255117923021317,-0.637645065784454,0.11496985107018,0.203397659555218,0.0845450871934493,0.512517917156219,-1.07291323329866,-0.290298303222381
1.07162046432495,0.0243886802345514,0.171275708799158,0.0707827084593165,0.744400236010551,1.41163667639097,-0.128193624396676,0.149722916789151
1.15854680538177,0.0598199404776096,0.167377851984684,0.0586293886997091,0.904640112320582,1.48022354145845,-0.0435246431742596,0.170327305578812
0.348996788263321,-0.483295619487762,0.108809533581623,0.16329893034712,0.140130202348034,0.557658418516318,-0.853497099087272,-0.253631861993896
1.01790678501129,-0.000425136706326157,0.19356944492717,0.0861189319602098,0.662829819321632,1.39287572105726,-0.178603705259812,0.143911356716871
0.791081786155701,-0.114912644028664,0.185064954824505,0.111280556605106,0.43704939087232,1.15536841054757,-0.359469995120153,0.0627203872226451
0.860467314720154,-0.0782415270805359,0.196278263383313,0.11146414545167,0.45421931296587,1.23535943528016,-0.342734447571048,0.0917919834114798
1.93274760246277,0.281208425760269,0.312307966357035,0.0641098780587876,1.46735335389773,2.64898950656255,0.166534113151368,0.423072046734814
0.199866503477097,-0.739875853061676,0.0846116157835575,0.195281178824048,0.0745771381383141,0.405905674149593,-1.12739428651659,-0.39158357017531
0.66325569152832,-0.202864199876785,0.20928501180965,0.153898739510481,0.257550808538993,1.12006437182426,-0.589137197876093,0.049242980364275
0.619931638240814,-0.256380051374435,0.279897138145102,0.217700227483097,0.173157472039262,1.27507626215617,-0.761606146828986,0.105533496901478
0.171507820487022,-0.808115422725677,0.0725502164633145,0.202293693949411,0.0523419933083157,0.336445573717356,-1.281204181268,-0.473088656448398
0.437390863895416,-0.377372920513153,0.121629449108008,0.130011544929982,0.212920694549878,0.692263741791248,-0.671797920115873,-0.159729364655927
1.17481875419617,0.0588591918349266,0.258206413351983,0.100625849647667,0.69641193151474,1.73897729516029,-0.157143123513974,0.240293884837497
0.218137934803963,-0.69973486661911,0.0863485314342753,0.192522076000428,0.0715486828237772,0.405781880021095,-1.14539837287115,-0.391707418712898
2.86554980278015,0.453233361244202,0.434185655066372,0.0561575057932674,2.31703347961108,3.84289015730222,0.364932018897696,0.584644555960471
0.381351262331009,-0.467237323522568,0.188258870563636,0.21149939297359,0.115305220459898,0.745678877830505,-0.938154016590897,-0.127448303286521
0.471393287181854,-0.342616379261017,0.123677849815036,0.121036750699237,0.246567951887846,0.721696890393893,-0.608064218339162,-0.141645406185131
0.463270455598831,-0.348662197589874,0.112780450563882,0.11734171098596,0.231618687758843,0.687353302538395,-0.635228452955591,-0.162821935196818
0.649814546108246,-0.214704021811485,0.218108565085715,0.162906536633305,0.257226324578126,1.07501322130362,-0.589690735374635,0.031410006340132
1.34362411499023,0.116037733852863,0.337833587154183,0.102682653432614,0.811912271380425,1.90915036201477,-0.0904909046163417,0.280840043307139
0.600205600261688,-0.261385917663574,0.240694675018656,0.196895138149577,0.196094227830569,1.09594098528226,-0.707541475594854,0.0397870343928161
0.654818654060364,-0.195506021380424,0.132866581956981,0.110886731922376,0.37760035370787,0.877842405935129,-0.423010705451256,-0.0565835000386677
2.01726984977722,0.294528901576996,0.454544901034712,0.0939371208537325,1.25831587513288,2.98289038340251,0.0997881663227606,0.474633279838098
0.613439619541168,-0.21947768330574,0.105307009091127,0.0832541680810441,0.405009419471025,0.812424465020498,-0.392537649348458,-0.0902170152424931
1.46665227413177,0.156763896346092,0.311025418738464,0.0913909601807705,0.9401930809021,2.14025093317032,-0.0267830432279765,0.330464345935424
0.213902905583382,-0.717403054237366,0.0965847117222729,0.213290381672757,0.0644794842849175,0.433398357033729,-1.1906434627334,-0.363113526546206
0.436085283756256,-0.38992166519165,0.145974760506328,0.172217428943327,0.155247141048312,0.733299694458644,-0.808977925538982,-0.134718496421883
1.71229815483093,0.227860778570175,0.321902677586735,0.0668298729040726,1.31421277125676,2.34639182488124,0.118665672346047,0.370400244130593
0.474842041730881,-0.334983021020889,0.105378266656942,0.10311481866284,0.270314196745555,0.684934550523758,-0.568137462545129,-0.16435092782942
1.06761288642883,0.0170364063233137,0.236716998757913,0.101815559490524,0.619204800327619,1.55612063407898,-0.208166968957564,0.192043048688151
1.79006278514862,0.247660398483276,0.292481882540895,0.0661284230753307,1.32819328606129,2.36435516675313,0.123261070003962,0.373712315901089
0.701142370700836,-0.179817661643028,0.223676827109756,0.158425357520721,0.27995696986715,1.15447583496571,-0.552909085483242,0.0623841947391099
0.565479934215546,-0.273449122905731,0.182374252049806,0.159041643255464,0.230480415125688,0.952813812096914,-0.637369595852544,-0.020992932983301
0.210754126310349,-0.718057990074158,0.0877700747171284,0.201945567035732,0.0657602639868855,0.408764121681452,-1.18204896492395,-0.38852738768022
1.47324013710022,0.16242079436779,0.228806033997295,0.0746385784315787,1.07286987702052,1.92406403223673,0.0305446512929927,0.284219218451554
0.562036156654358,-0.264276772737503,0.134785609214828,0.115094512179272,0.274377685536941,0.8224325299263,-0.561653513383083,-0.0849009209015941
1.99681210517883,0.295656442642212,0.323290034783665,0.0614282480936243,1.54513490994771,2.69000161091486,0.188966374086768,0.42970615763998
0.505143821239471,-0.323999524116516,0.163734283703155,0.165797460484354,0.178752874086301,0.838486894965172,-0.747819288272347,-0.0765051341223316
0.523569941520691,-0.334579259157181,0.252282230802926,0.227166144483665,0.142264846712351,1.09348113934199,-0.846903281797417,0.0388112579117871
0.677471101284027,-0.192671746015549,0.207431720780141,0.151617243554634,0.271673932671547,1.11313818395138,-0.565974022297361,0.0465490634354398
0.132311135530472,-0.924068808555603,0.0586041560469388,0.209397611535787,0.042025087804844,0.261540229866902,-1.37670763833502,-0.582461522477245
0.587646722793579,-0.248950704932213,0.158762120850476,0.133641126385777,0.292444385091464,0.895020354787509,-0.53396531235579,-0.048167088689972
0.180954769253731,-0.783549785614014,0.075697946725665,0.198880057307162,0.0583454332003991,0.351363409062227,-1.23399332597305,-0.454243505038945
0.634098827838898,-0.20916748046875,0.133056955599631,0.105848106966989,0.36622555082043,0.879472440481186,-0.43628362378904,-0.0557777925166524
0.478536874055862,-0.333705931901932,0.113817896406295,0.112866732600065,0.250587077687184,0.70361204991738,-0.60104400807853,-0.152666738050376
0.426374167203903,-0.414143919944763,0.19813393705049,0.200068363784237,0.14579254326721,0.822700569033623,-0.836264789007383,-0.0847582314564444
0.228273674845695,-0.68309360742569,0.0962040355543868,0.197808623102654,0.0786699114988248,0.437626215815544,-1.10419164389389,-0.358906012069978
2.28918147087097,0.354059427976608,0.388300233987054,0.0687529440000229,1.67342282632987,3.06299002369245,0.22360439039061,0.486145025437573
0.990120649337769,-0.0111031597480178,0.165579199756238,0.0800591452133569,0.676169024407864,1.30068224966526,-0.169945066385622,0.114171211689202
1.28967750072479,0.0981668084859848,0.300829425273002,0.105332343760458,0.746523149808248,1.90394553144773,-0.126957177494528,0.279654362768821
0.320897370576859,-0.528658747673035,0.117622169375185,0.187297572695915,0.0969301176567872,0.556943831344445,-1.01354127922088,-0.254195462833605
0.77535879611969,-0.13779117166996,0.262512895290073,0.160882182706753,0.333222304781278,1.3551639487346,-0.47726618841431,0.131991773555149
0.636183321475983,-0.206309095025063,0.122161743255486,0.101325983886627,0.408757990847031,0.870094387233257,-0.388533774831298,-0.0604336611234296
0.614927470684052,-0.231475606560707,0.178170005650705,0.138553205944106,0.271506144603093,0.984778796633085,-0.566221459715514,-0.00666176147620635
0.61695122718811,-0.230228215456009,0.179593621484416,0.140043101126136,0.285863561431567,0.975877467294534,-0.543854130065944,-0.01060509796352
0.40452378988266,-0.418783485889435,0.118925400493862,0.168622010755236,0.138176758835713,0.621189711491267,-0.859654849177292,-0.206776155333894
1.58278632164001,0.189339101314545,0.336958221637576,0.0948538711259987,0.983903698126475,2.32079921563466,-0.00704741561896308,0.365637563097883
0.654355764389038,-0.222644612193108,0.264572695771087,0.192902757966831,0.214109676579634,1.20765603880087,-0.669364208718732,0.0819355282524552
0.606979072093964,-0.231143176555634,0.14790418461958,0.115844031151954,0.323385424166918,0.888539870083332,-0.490283077847146,-0.0513234716578649
0.85064423084259,-0.0812405273318291,0.1822113280148,0.101175257725667,0.498622223734856,1.18997509082158,-0.302232921789549,0.075537333456537
2.45369362831116,0.385935306549072,0.340652260433191,0.0573806879352709,1.9116192907095,3.17288179198901,0.281401197894699,0.501438974404291
0.432295113801956,-0.385505020618439,0.122243567539826,0.146229961715885,0.160222709427277,0.674338013430436,-0.795338217835438,-0.171122361289728
1.6822692155838,0.222440987825394,0.197372662426525,0.0582137281405275,1.36052111685276,2.09829535484314,0.133704712323187,0.321864323885393
0.8099604845047,-0.0982729941606522,0.139359909713973,0.0779858542126049,0.548084039986134,1.0870624045531,-0.261153365129432,0.0362539501959553
0.292605221271515,-0.5701784491539,0.111602349263517,0.188164101161719,0.0990551900739471,0.524608348806699,-1.00412278266981,-0.280165525213328
0.585561990737915,-0.24369440972805,0.120304604989648,0.107433522199887,0.351605060944955,0.815998158852259,-0.453946665679009,-0.0883123027353959
1.13403701782227,0.0516234338283539,0.139706752845618,0.0502335141421131,0.904337598880132,1.38338093757629,-0.0436701774265618,0.140934770408306
0.195835024118423,-0.74913090467453,0.081430025747256,0.19869898328749,0.0614049428453048,0.38657542069753,-1.21181392779769,-0.412769700755374
0.886839091777802,-0.0596289113163948,0.16224495836501,0.0815961087843611,0.576995488007863,1.21521113912265,-0.238842413858615,0.0846517106910285
1.61555933952332,0.202862069010735,0.267677789768949,0.0680036108733765,1.18071361879508,2.16607583165169,0.0721442999789531,0.335671209704629
0.645236074924469,-0.20165853202343,0.142126072201002,0.102192201229176,0.37602833583951,0.912032620608807,-0.424780549427909,-0.039989628079612
0.756458938121796,-0.134555011987686,0.145810727229258,0.1318104118785,0.506275521715482,1.01558148860931,-0.295618355502141,0.00671208058782976
0.316796362400055,-0.54159140586853,0.133460064974526,0.201743609730771,0.10056580491364,0.599362580478191,-0.9976679722556,-0.222310540656865
0.592137277126312,-0.24450857937336,0.152586633295601,0.128263990388785,0.258357042570909,0.89146951486667,-0.587784597439988,-0.0498935099680778
0.423688441514969,-0.393687963485718,0.122535331007737,0.140722975773551,0.18108721797665,0.663669156034787,-0.742146878531106,-0.178048398359587
0.964945197105408,-0.0266344603151083,0.210111129625191,0.101257062087315,0.57460445612669,1.37361086209615,-0.240631344133176,0.137863005215739
1.40607559680939,0.132519766688347,0.362103943850908,0.120466062927707,0.758011672397455,2.18243273893992,-0.12032475720115,0.338937871630927
1.36978685855865,0.121183931827545,0.400000014156103,0.115274882874691,0.757675485312939,2.06322351098061,-0.12056344270275,0.314545565283456
0.378756076097488,-0.43964159488678,0.10421667140535,0.129300281099477,0.181168907508254,0.586513316631317,-0.741919394320635,-0.231722522238308
1.81337463855743,0.253744512796402,0.272307828043184,0.0640195365215395,1.35616754790147,2.42441587845484,0.132312450140544,0.38460644804618
0.274548977613449,-0.593122661113739,0.105928777628196,0.169872561786043,0.108733683762451,0.522736058135827,-0.963635921468649,-0.281717881890138
0.535132050514221,-0.314966827630997,0.219489126134875,0.208043941530124,0.154332233592868,0.978245930870374,-0.81154377410045,-0.00955547212761291
0.9063361287117,-0.0791012123227119,0.307071868500445,0.205025039341568,0.225015473117431,1.49334006905556,-0.647818647218536,0.17415868141592
0.637518167495728,-0.239891111850739,0.288705902262152,0.205228577783532,0.20103604507943,1.19092938899994,-0.696730311436788,0.0758853252130081
0.246146813035011,-0.646267712116241,0.0994986732399845,0.187062617613848,0.0865754244849086,0.479463339596987,-1.06262576199283,-0.319244692058043
0.194379702210426,-0.751876473426819,0.0790288496780461,0.198137293157457,0.0640488338967164,0.371132859090964,-1.19348882581965,-0.4304711756345
0.53197169303894,-0.314893990755081,0.217270694208523,0.199336223000321,0.173778066659967,1.01251891950766,-0.760052098058936,0.00540288351158335
0.114249423146248,-0.987260341644287,0.0512581540154347,0.205401238710996,0.0343647776482006,0.224196605260173,-1.46388808986,-0.64937109557305
0.488937556743622,-0.33256596326828,0.142749846266699,0.147154261780368,0.204634043201804,0.76241904348135,-0.689023119082045,-0.117806314726959
0.887505710124969,-0.0746932476758957,0.181290905134901,0.192033188595155,0.217719950651129,1.1498811006546,-0.665171031258257,0.0606527676663615
0.877179741859436,-0.0841754898428917,0.281619332787746,0.165657954041547,0.30547784542044,1.41890862286091,-0.51505289754279,0.151954276265766
0.650799155235291,-0.205360308289528,0.18290501112252,0.132644139895207,0.318803077439467,1.01205552121003,-0.496480378698622,0.00520433846944506
0.731986582279205,-0.153682515025139,0.205724116557143,0.129972469963592,0.35614421988527,1.13991555174192,-0.448398725907922,0.0568698994690169
0.690450310707092,-0.180169269442558,0.198712622288738,0.133898502334925,0.333671258638302,1.09005447924137,-0.476681871217346,0.0374481772080244
2.26384735107422,0.347734481096268,0.482272352761548,0.0741389529508967,1.70293482641379,3.28371259768804,0.231198011762667,0.516356697378081
1.53300595283508,0.171167239546776,0.412860727806692,0.111104485433027,0.876555825769901,2.48077073295911,-0.0572300393950313,0.394580690152908
1.15147280693054,0.0563135743141174,0.175259472720215,0.0655472823165587,0.830896173417568,1.52714099486669,-0.0804532418811856,0.183878162946096
0.561379909515381,-0.274618357419968,0.175756961416037,0.151156968606578,0.257154449820518,0.939170747001966,-0.589818987201633,-0.0272581915492167
0.191239833831787,-0.757258176803589,0.0757072442541211,0.194429949923159,0.0619625881003837,0.352876135458549,-1.20788558351079,-0.452378475249176
0.910348057746887,-0.0484893880784512,0.160326233651084,0.0860640152669347,0.587235379219055,1.20043755670389,-0.231190416249473,0.0793386582350542
0.384377002716064,-0.44423720240593,0.132377494137873,0.166879705280589,0.145339162896077,0.667507290343443,-0.837641131259272,-0.175550768967003
0.291091084480286,-0.562363505363464,0.0968630814142385,0.157439537808616,0.119812712756296,0.498642996698618,-0.921497101682249,-0.302210588427407
0.384042650461197,-0.439086079597473,0.121555631904457,0.147949067672803,0.173612632229924,0.638203909496466,-0.760418687239609,-0.195041882001142
0.63739538192749,-0.206664741039276,0.133159737498556,0.10439446594693,0.382126717517773,0.894349345068137,-0.417792764416164,-0.0484943445104139
0.740592420101166,-0.14445324242115,0.177273782296115,0.115156163328182,0.371607344597578,1.09277957181136,-0.429916915983674,0.0385271424336454
0.43165534734726,-0.413035690784454,0.190027398891411,0.217935442003226,0.120477365764479,0.827987189094226,-0.919095677945718,-0.0819765335917876
0.800917863845825,-0.106195852160454,0.162066517185761,0.0957273919615896,0.493436154474815,1.12588016092777,-0.306776217422977,0.0514762581454994
0.43798691034317,-0.375704735517502,0.113744655230735,0.129334979478611,0.20883350285391,0.660099725921949,-0.680199833412723,-0.180390625244756
0.328375369310379,-0.521499752998352,0.127089713052436,0.193580298937855,0.0934088323886196,0.597492761909962,-1.02964597171124,-0.223667478808113
1.36513936519623,0.124140672385693,0.301349202754813,0.0997788866215994,0.810267572104931,1.99385911722978,-0.0913739140343238,0.29969428545774
0.943630397319794,-0.0353007204830647,0.197396489916459,0.0961025137122752,0.557819307843844,1.3188544323047,-0.253506957833724,0.120193081413367
0.279651075601578,-0.591981887817383,0.1037021027949,0.202760121101721,0.0726271723707517,0.490788377076387,-1.13890106246122,-0.309109322676819
0.573016762733459,-0.268724769353867,0.195724872134609,0.158406950490204,0.232288202767571,0.96712449491024,-0.633979987270801,-0.0145195200138875
0.898863673210144,-0.0561768971383572,0.182034895209623,0.096426811305481,0.559669493635495,1.2486932049195,-0.252068383514802,0.0964557197417839
1.06241726875305,0.0226017478853464,0.139645563109367,0.0567331011339444,0.815316878259182,1.33939952055613,-0.0886750590362904,0.126910098755011
0.355579763650894,-0.465759605169296,0.0909255709885994,0.127559504835,0.163726813221971,0.527664146323999,-0.785884227093378,-0.277649562195288
1.22565186023712,0.0835148245096207,0.180258011080402,0.0661297997274547,0.904181628425916,1.58879381418228,-0.0437444291871489,0.201067501061942
0.3935546875,-0.42056879401207,0.0990955244637478,0.121650431439222,0.205032404263814,0.582114515205224,-0.688191386128441,-0.234998769228909
0.537797331809998,-0.279965877532959,0.114058475554028,0.0988547877204099,0.309717385222514,0.766816800336043,-0.509036904272787,-0.115314765216316
1.0534131526947,0.000140717282192782,0.335916773578091,0.143283172020454,0.471766577164332,1.69936363895734,-0.326283886946951,0.230286294722934
0.891818821430206,-0.0728844106197357,0.265256710544664,0.151949212678493,0.360459656268358,1.39942439893881,-0.44336457324583,0.145949140134186
1.18302547931671,0.0610377080738544,0.240265371292356,0.114478167765838,0.707849548260371,1.66099630395571,-0.150059691739335,0.220368619148384
0.827023983001709,-0.0919578447937965,0.157505008006706,0.0975266168405085,0.535507630308469,1.13361879487832,-0.271240654409055,0.0544665680887507
0.326783210039139,-0.508167803287506,0.10120710676328,0.144662488172032,0.146698293214043,0.539250728487968,-0.833575218045772,-0.268209396103957
0.376065850257874,-0.453996747732162,0.110597951499872,0.189285213742597,0.0907758332788944,0.577137735486031,-1.04230651360401,-0.238720576401458
1.09905934333801,0.0360672362148762,0.162388412052354,0.0667315607145149,0.793141945203145,1.41741137206554,-0.100650510568823,0.151495779594412
0.252962410449982,-0.625426888465881,0.0848144852984625,0.167177749732727,0.0941683863600095,0.423690703759591,-1.02609505376876,-0.372951069243344
0.867165505886078,-0.0752222910523415,0.206916192310067,0.111123713001816,0.473165774097045,1.28480745156606,-0.324987597039543,0.108837970407344
1.78063571453094,0.247394621372223,0.212016252410363,0.0547961832532575,1.47456712524096,2.13279778758685,0.168663343914854,0.328949607085669
1.20945131778717,0.0554963238537312,0.395783881394426,0.162455625619196,0.472287669281165,2.00781638423602,-0.325804083778682,0.302723916958431
0.562347412109375,-0.265909373760223,0.119958334453269,0.138637894510143,0.210156477118532,0.766540707151095,-0.677526516363369,-0.115464806509875
0.239695638418198,-0.655848205089569,0.0902188236079694,0.186533063869825,0.0840694791947802,0.432058671116829,-1.07540251244547,-0.364458817761653
0.296869933605194,-0.55568665266037,0.0998958180926089,0.165500998862067,0.112323252422114,0.506982910633087,-0.949543818471954,-0.295006682827533
2.15164923667908,0.326177269220352,0.389669221787414,0.0748676368845585,1.5457089950641,2.99380990068118,0.189127645707668,0.476224049747327
0.514268815517426,-0.303128093481064,0.121376956200329,0.118504691383444,0.251678062230349,0.742401230335236,-0.599165199717763,-0.129361317628166
0.701667785644531,-0.168628230690956,0.173138956065173,0.117740004176466,0.356973041097323,1.0203588694334,-0.447365469633065,0.00875292664098109
0.69113302230835,-0.167864143848419,0.120898878284692,0.0840257248994971,0.465925312290589,0.934243323902289,-0.331684001702716,-0.0295402203510279
0.273166537284851,-0.594669103622437,0.0960382413649826,0.174119020151231,0.103867569503685,0.466282037397226,-0.983520032460062,-0.331351341282153
0.710107803344727,-0.182173684239388,0.262403844070263,0.179284961362806,0.266817119717598,1.27169478833675,-0.573790404601706,0.104381576974828
0.645515620708466,-0.215993270277977,0.212560739321484,0.156619766920458,0.253613831102848,1.09911412199338,-0.595838674198641,0.0410425173050616
1.45350682735443,0.158593118190765,0.196488018646735,0.057491946284818,1.12378987471263,1.84653908312321,0.0506850653398298,0.266358483270112
0.238953113555908,-0.653692841529846,0.0863793485448417,0.175668070702677,0.0862769438574711,0.428798002501329,-1.06410557398012,-0.367747443691628
0.863048672676086,-0.0695708021521568,0.132420452076517,0.0722708216938001,0.609528865416845,1.11042139430841,-0.215007694133125,0.0454877965551054
0.636813342571259,-0.209028139710426,0.149736324910633,0.109691468571874,0.357371545334657,0.935394270718098,-0.446889655511346,-0.0290057802046926
0.360142409801483,-0.465581059455872,0.108157810128287,0.144965563150101,0.153015275796254,0.576307015617688,-0.81528424279949,-0.239346110438237
1.23120951652527,0.0813878029584885,0.243604231003938,0.0900742693685486,0.787000073492527,1.72481604218483,-0.104048268089928,0.236742737324969
1.75983655452728,0.24251227080822,0.212252149424436,0.0501412468787251,1.40638593534629,2.18633005420367,0.148104266434959,0.33971561137256
0.740242063999176,-0.138434395194054,0.130789602951775,0.0872418112138224,0.493809009095033,0.995574602981408,-0.306441634791424,-0.00192639921722022
0.33099627494812,-0.524859249591827,0.141803498809626,0.208466092168934,0.102837816004952,0.648563627898693,-0.987857887805491,-0.188047416333577
0.250382393598557,-0.650601625442505,0.1126448703513,0.218293855421925,0.0699399823943774,0.507970057427883,-1.15529258017087,-0.294161925895859
0.518462717533112,-0.298459380865097,0.122199669010023,0.110409649608724,0.278489003330469,0.749422679841518,-0.555199653866758,-0.125273466155333
0.597643315792084,-0.240209251642227,0.156971452012331,0.125295528109212,0.298066130528847,0.924888871610164,-0.525691963375219,-0.0339129201461668
0.319258958101273,-0.522432506084442,0.103623671195008,0.161053603383999,0.12509944314758,0.541045194367568,-0.902764357124517,-0.26676649467044
0.557767510414124,-0.264061003923416,0.11666101764161,0.0991639857203596,0.320684383064508,0.770303433140119,-0.493922554542918,-0.113338232972954
0.349230319261551,-0.478178292512894,0.103216219604814,0.141903469909438,0.156676376114289,0.557918030023575,-0.805010561859923,-0.253429636013243
1.26247191429138,0.0939936414361,0.226263811272116,0.0806082645686567,0.819549309213956,1.72934413055579,-0.0864299164351298,0.237881113863788
0.880096912384033,-0.0690633356571198,0.213838505672405,0.111315496464611,0.467698206752539,1.29557549655437,-0.330044355175377,0.112462402008273
1.20863783359528,0.0691724866628647,0.291875222551151,0.108967233834359,0.650616315503915,1.85094374318918,-0.186713535062674,0.267390874423848
0.473653227090836,-0.338954567909241,0.116028815299919,0.115862387787121,0.249438078701496,0.694603549440702,-0.603038255575844,-0.158263002086296
1.04061341285706,0.00247245328500867,0.263542906691658,0.116637995952813,0.552400100231171,1.59365815222263,-0.257746799367073,0.202395126529892
0.852695405483246,-0.0836844369769096,0.213142674529865,0.115244687152385,0.460180642704169,1.28986856838067,-0.33707481700841,0.110544345246397
0.557869136333466,-0.271955609321594,0.150879171673686,0.133645356399932,0.238113571703434,0.854067752261957,-0.623217612460593,-0.0685076777307211
1.4428551197052,0.155795753002167,0.171478496876555,0.0572059063525711,1.15469610591729,1.77304505109787,0.0624667270401011,0.248718718089328
1.57561159133911,0.193714156746864,0.202918516260944,0.0580862919232882,1.23170540432135,2.00931599338849,0.0905064349889064,0.303048022431632
1.32830274105072,0.116815768182278,0.22684696032119,0.075903769142392,0.896002144614855,1.79719346364339,-0.0476915078367743,0.254594584429508
1.60895323753357,0.201385378837585,0.254017306762279,0.0665689291949659,1.17628761529922,2.1187183201313,0.0705134842156116,0.326073099328577
1.3923534154892,0.140250757336617,0.167478867236785,0.057826526654286,1.1012679407994,1.72362974087397,0.0418923398851682,0.236443970241526
1.73341810703278,0.23316653072834,0.288574954578991,0.0702371856203459,1.22662174403667,2.39001740614573,0.0887097308371254,0.378400998308281
1.15158498287201,0.05130585283041,0.235087242329989,0.0966224886529623,0.694893624385198,1.61426810920238,-0.158083458376913,0.207975600644098
0.376458495855331,-0.442600786685944,0.103549650286312,0.131376773769171,0.177819591015577,0.584003574152787,-0.750021150328012,-0.233587028100431
0.604840457439423,-0.228673979640007,0.12619554722753,0.0976407706390384,0.3573901164035,0.844148441155751,-0.446858667358526,-0.0735839838823678
1.33285510540009,0.121800161898136,0.146974550913008,0.0536479168417094,1.0841468890508,1.59876436491807,0.0350881279351959,0.203784459101941
1.93640577793121,0.276335746049881,0.461581459224225,0.0947762241159823,1.20371789932251,2.80161375999451,0.0805240790119407,0.447408257418255
0.613521635532379,-0.22333487868309,0.122708430398127,0.108322297238677,0.387352772057056,0.844985203444958,-0.411893704315987,-0.073151253879732
0.343811988830566,-0.491464108228683,0.116429152091942,0.16246584111431,0.132858917241295,0.578970059255759,-0.876633161782588,-0.237350213776194
1.42283344268799,0.146576777100563,0.242649959671816,0.0769157007632865,0.965623603264491,1.94733367363612,-0.0151933774566744,0.289440357429821
1.264124751091,0.0741609483957291,0.427958878079135,0.162080951864608,0.470233055204153,2.16376659075419,-0.327694807778939,0.335207316433184
1.77490615844727,0.24172754585743,0.33407338389624,0.080437068003085,1.19404036998749,2.48810833692551,0.0770188471614827,0.395869258930339
0.87157666683197,-0.0687636658549309,0.149075479782045,0.102183342580772,0.613860626518726,1.1579099069039,-0.211930705950977,0.0636747669114259
0.337171077728271,-0.500973403453827,0.11632378092277,0.165454730420651,0.131340937068065,0.589629253248374,-0.881606700120905,-0.229424731509197
0.328055411577225,-0.523598313331604,0.136070252962062,0.192519028361019,0.113257824877898,0.635639634728432,-0.945954818884809,-0.196790846692701
1.41309428215027,0.146231174468994,0.19994180026234,0.057468158937856,1.10588359137376,1.83485122025013,0.0437093986937237,0.263597991142915
0.664685130119324,-0.185475528240204,0.123715310797858,0.086249994398027,0.426296913872163,0.915410802761714,-0.370294514478064,-0.0383844103469665
0.293660819530487,-0.557077765464783,0.0896637658289374,0.159246033023998,0.108569093731542,0.468908185015122,-0.964314743863851,-0.328916408592761
0.587883532047272,-0.261940658092499,0.210524242508163,0.173868522878887,0.225919212152561,1.06468272209167,-0.646051425089414,0.0272038818728364
0.815408110618591,-0.100327491760254,0.186195124536311,0.102762813765726,0.47310504813989,1.17499482433001,-0.32505155361842,0.0700310791488818
0.144962802529335,-0.887653410434723,0.0675381790465186,0.214824320174657,0.041637219954282,0.29900228853027,-1.38052096814706,-0.524327110981946
1.42838263511658,0.144521579146385,0.307306780955282,0.0961687283965689,0.881414383153121,2.08839942216873,-0.054821175261309,0.319813562838056
0.691787600517273,-0.165941014885902,0.113614025175831,0.0722045640469761,0.480776310960452,0.935959755380948,-0.31805727652236,-0.0287432362108074
0.190617963671684,-0.768336415290833,0.0855292844323488,0.216005487531808,0.0519188429849843,0.380652713030577,-1.28468657167643,-0.419474898708912
1.332239985466,0.117293924093246,0.251071155103571,0.0793038800861458,0.915863526364168,1.9062187542518,-0.0381692932811181,0.280172652362337
0.951747715473175,-0.025928808376193,0.134717407446401,0.0628245836230854,0.689361557364464,1.22440954049428,-0.161553864510604,0.087926530604215
0.614128470420837,-0.221504271030426,0.111444370748483,0.103525723558547,0.394280842194955,0.806606376171112,-0.404194621685806,-0.0933384005799079
0.898913323879242,-0.0536622181534767,0.16311555011095,0.0811547586561436,0.591393597920736,1.21754176914692,-0.22812848930477,0.0854835761957289
1.43642055988312,0.151973843574524,0.227326772980114,0.0678590482547578,1.04885088205338,1.88632638851802,0.020713710677587,0.27561679278697
0.825277745723724,-0.0909549742937088,0.144758837880982,0.0847734349911448,0.543295833965143,1.11641161342462,-0.26497233744423,0.0478238912542512
0.351852774620056,-0.468734323978424,0.0868488533266263,0.119885038098521,0.170938050374389,0.513533571362495,-0.767162795265195,-0.289431173830511
0.821116387844086,-0.0914445742964745,0.132145793030226,0.0723676766413322,0.571545860171318,1.07146629095078,-0.242950298977031,0.0299785116436316
0.67486035823822,-0.18430307507515,0.154986368077859,0.115173994829653,0.337769757211208,0.982716664175192,-0.471409688524293,-0.00757178255080546
0.699445784091949,-0.183554977178574,0.242189107397344,0.163925687193801,0.269931649665038,1.22556785742442,-0.568746334906414,0.0883368125531036
0.308429419994354,-0.535687625408173,0.0913917193723085,0.162068373309248,0.0988601735482613,0.474499796827634,-1.00498411794704,-0.323764130627749
