Mean,Mean.log10,Std.Dev,log10.Std.Dev,0.025,0.975,log10.0.025,log10.0.975
1.59373295307159,0.201344758272171,0.122921221016977,0.0292937654593425,1.43925621807575,1.75479534963767,0.158138114430665,0.244226474809791
1.12204074859619,0.0482386462390423,0.109051097079749,0.0380819422509232,0.955973101158937,1.29577757318815,-0.0195543278290992,0.112530459074902
1.04656517505646,0.0184138976037502,0.088164308726787,0.0335532010923812,0.92654068171978,1.17451782325904,-0.0331355081687402,0.0698596099213018
1.47231209278107,0.166649550199509,0.132158203429432,0.0324234259762977,1.31654072999954,1.62908589839935,0.119434295242595,0.211943984380524
1.07730877399445,0.0306952148675919,0.105368845034443,0.0360836874313422,0.941013833383719,1.22185261646907,-0.0264039922205711,0.0870188230525626
1.20180821418762,0.0783923044800758,0.107822689148505,0.0339878831346206,1.06043872435888,1.35657444298267,0.0254855774506143,0.132443629937999
1.31376600265503,0.117243051528931,0.112496287231639,0.0317026598643836,1.17875007092953,1.4518248150746,0.0714217316782465,0.161914215227639
0.816212773323059,-0.0897096395492554,0.0693823061620575,0.0367631366853721,0.718657993276914,0.922722572584947,-0.143477739619375,-0.0349288831540466
1.06089532375336,0.0243812054395676,0.0897959706513318,0.0321933383617577,0.942690191666285,1.18855775793393,-0.0256310143779038,0.0750202802237537
0.871289551258087,-0.0619240179657936,0.0897677037535393,0.0417857571436789,0.725473095973333,1.02702318628629,-0.139378694194693,0.0115802396616083
1.86805236339569,0.270001500844955,0.172033361609074,0.0327003877641797,1.67398609419664,2.06763499975204,0.223751843027711,0.315473874879514
0.802949845790863,-0.09731724858284,0.0833136534052977,0.040540939945908,0.676373244822025,0.935300359129906,-0.169813580835066,-0.0290488989950269
0.869516134262085,-0.0625226348638535,0.084561865893543,0.0385206339260208,0.74158249994119,1.00863353610039,-0.129840529765937,0.00373340372688961
0.854220688343048,-0.0697647482156754,0.0703766880834468,0.0336847074040998,0.756550431251526,0.963528873026371,-0.121162116835443,-0.0161353187763685
1.18526661396027,0.0725028216838837,0.101892078692604,0.0323530715919972,1.05549748043219,1.32877459228039,0.0234572002274697,0.123451309205902
1.62764120101929,0.210074588656425,0.159566222737266,0.0336212086874477,1.44961634775003,1.81813560028871,0.161253076962773,0.259626270118277
0.665553033351898,-0.178678974509239,0.0647987577313391,0.0394315718566561,0.563270227611065,0.779147970676422,-0.24928320344869,-0.108380073632631
0.708649873733521,-0.151056155562401,0.0621005833299413,0.0351205220405582,0.613391895095507,0.812846963604291,-0.21226197960636,-0.0899912130434026
1.16505086421967,0.064779981970787,0.107159915042331,0.0356697489747799,1.01553817590078,1.32662858963013,0.00669625311169125,0.122749344674319
1.6157306432724,0.20692490041256,0.15215855125337,0.0334395779176831,1.44036700129509,1.80362481872241,0.158473163135452,0.256146202719935
0.929632782936096,-0.033167228102684,0.0815058498073134,0.0349561473559065,0.810312009354432,1.06781783699989,-0.0913477245757917,0.0284971657369796
0.829046487808228,-0.0830084010958672,0.0715707120754105,0.0379644820111402,0.725304785867532,0.934818261861801,-0.139479458656315,-0.0292728396892068
0.968706548213959,-0.0149424513801932,0.0691411445350309,0.0338716643227856,0.901881343623002,1.03657995462418,-0.0448505970445189,0.0156028054307736
0.976929783821106,-0.0117209516465664,0.086393471513632,0.036965031416968,0.843220945696036,1.11571230888367,-0.0740586140787176,0.0475521679777564
0.811379969120026,-0.0918868109583855,0.0632584786947137,0.0299110672878507,0.727526685595512,0.901510573923588,-0.138151072786181,-0.0450292078823367
0.896850764751434,-0.0507038235664368,0.115046942753469,0.0541906478909615,0.695984974006812,1.12759798665841,-0.157400143531425,0.0521542915772582
0.982503056526184,-0.00925326347351074,0.0889502545819491,0.0362925847210478,0.848582591613134,1.12864965895812,-0.0713058919139385,0.0525591541697307
0.72833925485611,-0.138793095946312,0.0570921902169447,0.0301852865587387,0.65388268182675,0.810504715144634,-0.184500166267178,-0.091244457333991
0.661252915859222,-0.181128069758415,0.0577415804567197,0.0353940958148479,0.576166412234306,0.756259035567443,-0.239452067086304,-0.12132942350181
0.734520137310028,-0.135597065091133,0.0668802071988414,0.0363992040542793,0.635588990648588,0.844401509563128,-0.196823634089211,-0.073451012355058
0.664098560810089,-0.179472520947456,0.0617687127231534,0.0377544394577311,0.567603159944216,0.768366121252378,-0.245955199336317,-0.11443179847501
1.21754193305969,0.0841979384422302,0.0993313743392271,0.0328735197161423,1.08871001998583,1.36079132556915,0.0369122183519886,0.133791532181925
1.131352186203,0.0526210628449917,0.0848925249307348,0.0276818899989107,1.03830493787924,1.22897972861926,0.0163249193789078,0.0895447169720361
0.950796008110046,-0.0229055341333151,0.0656824744393189,0.030588321705528,0.889062237242858,1.0128686795632,-0.0510678362492182,0.00555313956944684
0.858545899391174,-0.0676685571670532,0.0704558718780997,0.036122684734764,0.757856466869513,0.965244374175867,-0.120413040459055,-0.0153627578494845
1.40562152862549,0.146207869052887,0.131969871305308,0.0368942358243432,1.21496216058731,1.61036045054595,0.0845627522161806,0.206923094449906
0.866064667701721,-0.0634328424930573,0.0615516438993573,0.0292210053495274,0.800245939195156,0.929259853065014,-0.096776520997376,-0.0318628258711559
1.21729338169098,0.0840887799859047,0.103662503601561,0.0323657908010532,1.0794896642367,1.36227331161499,0.0332184883859098,0.134264243169345
1.49353885650635,0.171100825071335,0.190649306983248,0.0509238053229869,1.18740684688091,1.84751059512297,0.0745995478966561,0.266586896537216
0.671186447143555,-0.175475835800171,0.0718603886389528,0.0443035806940742,0.550285303592682,0.800403476258119,-0.259412086269771,-0.096691033958256
0.68760621547699,-0.164396837353706,0.0648938664695229,0.0380204444586668,0.58604178527991,0.799840640028318,-0.232071421960967,-0.0969965616175753
1.33927583694458,0.125385016202927,0.1242664277149,0.0342786887847796,1.17567610740662,1.50642526745796,0.0702876921086621,0.177947589611744
0.953472435474396,-0.0218027923256159,0.0750119183676794,0.0297856604423999,0.861641345421473,1.05061951875687,-0.0646734704359279,0.021445450735225
0.61820513010025,-0.21019558608532,0.0534755686527576,0.0325356225276762,0.551017487545808,0.687829817334811,-0.258834620691944,-0.162519005611952
1.20616888999939,0.079853780567646,0.116677705226237,0.0348805555054526,1.06291631956895,1.35594912966092,0.0264990748564621,0.132243389378838
0.704418540000916,-0.154558539390564,0.0757706018960161,0.0451812692608069,0.577007831136386,0.845618668695291,-0.238818293777321,-0.0728254378922096
1.05067563056946,0.0205757804214954,0.0743651608612639,0.0266752994326679,0.966973727444808,1.13651000658671,-0.0145853290940681,0.0555732628286806
1.1729474067688,0.0677461549639702,0.109473490648042,0.034914373444457,1.03471340040366,1.32028862436612,0.0148200727679227,0.120668878971283
1.60449194908142,0.204152181744576,0.13325721951174,0.0304820416493942,1.45442452331384,1.76956285734971,0.16269118549788,0.247865992561944
0.760755002498627,-0.120430208742619,0.0704162117553769,0.0373584208041538,0.652283692359924,0.879338489472866,-0.185563483477399,-0.0558439315536415
1.04535102844238,0.017864877358079,0.0916834546515119,0.0335420896758803,0.924481523533662,1.17660727302233,-0.0341017642898731,0.070631526379338
0.80379593372345,-0.0960975363850594,0.0658754070064016,0.0317628233728899,0.714312848448753,0.898722456395626,-0.146111538908651,-0.0463744078428038
1.1932590007782,0.0750890597701073,0.115402834006832,0.0362075278046146,1.04418439467748,1.35876702169577,0.0187771804637741,0.133144994351403
0.797712683677673,-0.100160703063011,0.0802374162626862,0.0410313873997797,0.670059116184711,0.939381205538909,-0.173886892939499,-0.0271581350220628
0.890314161777496,-0.0547315366566181,0.127857508207881,0.0606082597397848,0.669670959810416,1.13577698171139,-0.174138571242375,0.0552930515196482
0.67646723985672,-0.174383997917175,0.100521543871719,0.0631904499573243,0.501400365928809,0.8730284512043,-0.299815354212411,-0.0589716184569369
0.980879902839661,-0.00997551530599594,0.0762746954474922,0.0427701557437675,0.897518421212832,1.07176321446896,-0.0469566289480854,0.0300988439298597
0.857073605060577,-0.0686629116535187,0.0799927430754387,0.0374374708381923,0.741510465244452,0.984476499259472,-0.129882715575008,-0.00679467347241228
1.36305105686188,0.13256448507309,0.139645316349176,0.0398718421089746,1.15767170389493,1.57609513501326,0.0635853696256417,0.197582427866697
1.67016935348511,0.221730634570122,0.129628872545935,0.028337921225907,1.53308087289333,1.8156739205122,0.185565065070056,0.259037853982527
0.752023458480835,-0.127731829881668,0.103685873311167,0.0584370424895303,0.569191265602907,0.957541750371456,-0.244741773037629,-0.0188422878787599
0.823139071464539,-0.085808090865612,0.0691670186910423,0.0321092765202137,0.732560047507286,0.920938469469547,-0.135156771725509,-0.035769385345454
1.08357572555542,0.0333650000393391,0.0977286785472094,0.0348039348357149,0.945422237614791,1.22469009459019,-0.0243741942055985,0.0880262037673359
0.745933055877686,-0.128826349973679,0.0657236024071435,0.0357678009587228,0.646120892465115,0.85244011481603,-0.189686215997271,-0.0693361403042101
0.809437274932861,-0.0931188687682152,0.0657356850122008,0.0335326688090572,0.720654926697413,0.907177145779133,-0.142272640178611,-0.0423079003459825
0.841896295547485,-0.077624648809433,0.0997919858401111,0.0495556866559969,0.674453667799632,1.02318562368552,-0.171047881763773,0.00995442943682408
0.680365204811096,-0.16859182715416,0.0570755020180355,0.0330927870240424,0.599283162256082,0.765359696745873,-0.222367925027126,-0.116134411742848
0.650490164756775,-0.18873043358326,0.0643477155909429,0.0407739798416027,0.545756780604521,0.766308072706064,-0.263000860839227,-0.115596607050726
1.80574727058411,0.255431234836578,0.154689717276895,0.0308368442923728,1.6411474108696,1.98468199272951,0.215147591925535,0.297690926849157
1.72594940662384,0.235523849725723,0.16935682618903,0.0338386397258195,1.54264870882034,1.91410219073296,0.18826703614748,0.281965120294597
0.930802643299103,-0.0323015674948692,0.0723451807959926,0.0310910530064849,0.832918217778206,1.03918609221776,-0.0793976470689068,0.0166933257895794
0.747109353542328,-0.127851992845535,0.0604727198655446,0.0318045437958783,0.659184025724729,0.842938771347205,-0.180993327303423,-0.0742039709781846
0.926423251628876,-0.0346613116562366,0.0817009486234839,0.0347398596827207,0.808843745787938,1.06473512252172,-0.092135375167171,0.0272415803506516
1.40878319740295,0.147713035345078,0.11287143587086,0.029944289849955,1.27533053159714,1.54528784255187,0.105622756832187,0.189009386798208
1.43586361408234,0.156275033950806,0.0998955337425781,0.0256587166385991,1.33527087668578,1.53529107073943,0.125569376789887,0.186190720326102
1.54709792137146,0.187502816319466,0.16925516545092,0.0399807747049743,1.29682380259037,1.83026009202004,0.112880966100738,0.26251277308913
0.60895574092865,-0.216891631484032,0.0527730045293783,0.0351167960776303,0.525490109622478,0.701365589102109,-0.279435453560148,-0.154055545979924
0.775602698326111,-0.115174621343613,0.116075841933097,0.0647536985324166,0.570617303748925,1.01017959018548,-0.243655104787232,0.00439858836605551
0.799411594867706,-0.0994846820831299,0.0842860288112069,0.0438160863894255,0.65738210529089,0.956042104959488,-0.182182151713799,-0.0195229841436609
0.697482705116272,-0.158202856779099,0.0654119531595946,0.0380968160865182,0.592995138466358,0.814106565713882,-0.226948880544352,-0.089318742688158
1.29092025756836,0.108071081340313,0.156519395334797,0.0485443332024817,1.03171876172225,1.5736534456412,0.0135613182503175,0.196909091246096
0.909463763237,-0.0425603985786438,0.0781124402917697,0.032945642596643,0.804377808173497,1.01855894327164,-0.0945399210564615,0.00798616632096929
1.03827404975891,0.0154353743419051,0.0712815208887725,0.027183372118077,0.971038853625456,1.10444348653158,-0.0127633943933244,0.0431434978967654
1.3602260351181,0.132459491491318,0.109191941441994,0.0303110717453548,1.22551389137904,1.50413752794266,0.088318238243249,0.177287546920583
1.20987105369568,0.0818714424967766,0.0836980897155489,0.0267005821328508,1.12507907748222,1.29307359655698,0.0511830483657556,0.111623243417239
0.627652108669281,-0.205653950572014,0.0790882158204669,0.0540340307659424,0.485743739704291,0.786694905658563,-0.313592794689288,-0.104193747423792
0.99921452999115,-0.00169504503719509,0.0767982326738759,0.036861812672755,0.912518274287383,1.09375637074312,-0.0397584304666209,0.0389205860513539
1.35584592819214,0.131074741482735,0.10772796284665,0.0301419486652005,1.21807628671328,1.50232877234618,0.0856744880996483,0.176764975279436
0.77382493019104,-0.112570911645889,0.0632111539385556,0.031256954343181,0.689891249934832,0.860252031683922,-0.161219363636777,-0.0653742940949451
0.76235955953598,-0.119456246495247,0.0691722832416304,0.036737973933377,0.658582274615765,0.875598631302516,-0.181389963755569,-0.0576949495066525
0.961907625198364,-0.0183209292590618,0.0807012931582594,0.0360713852217221,0.848115043838819,1.08124942183495,-0.0715452346967128,0.033925878680447
0.808331668376923,-0.0940909683704376,0.0734121829384268,0.0379515793591827,0.693048961957296,0.93369907339414,-0.159236084396347,-0.029793072314243
1.23201012611389,0.0887068882584572,0.127655558228223,0.0391956682027485,1.05562268296878,1.43055660227935,0.0235087136513819,0.155505042183928
1.78311169147491,0.249818071722984,0.166127627121623,0.0321495497830959,1.60727004210154,1.96934615373611,0.206088849137021,0.29432205714252
1.31092798709869,0.115994602441788,0.130837467124755,0.0349153737229333,1.15715525150299,1.46711051762104,0.0633916260531767,0.166462829348779
0.882228016853333,-0.055730827152729,0.0711334666463488,0.0341578209276688,0.791383778552214,0.980501904586951,-0.101612856172354,-0.00855155861002075
0.669808268547058,-0.175504043698311,0.0600015768915574,0.0342130583254709,0.58892406274875,0.758646360039711,-0.229940710705916,-0.119960636758743
1.42111945152283,0.151557430624962,0.110815961508306,0.0291889846530612,1.28533110320568,1.56249913672606,0.109015013846468,0.193819763094661
0.861853122711182,-0.0668537989258766,0.0923856611800577,0.0438707168913782,0.713042896489302,1.02689960896969,-0.146884342653879,0.0115279864285327
1.18672466278076,0.072880245745182,0.108702208195579,0.034177146544694,1.04610832631588,1.3334261238575,0.0195766562607396,0.124968959344755
0.913860082626343,-0.040567871183157,0.0798179452865635,0.0345148428850552,0.795203827321529,1.04011713663737,-0.0995215399837526,0.0170822441036983
0.573734939098358,-0.243383571505547,0.0582184634543322,0.0421239758764626,0.475546933462222,0.684063042700291,-0.322806643752935,-0.164903872435875
0.887988090515137,-0.05284533649683,0.0675412299203891,0.0348528963404325,0.812023337682088,0.970167922476928,-0.0904314894559973,-0.0131530895777392
0.99498176574707,-0.00310959201306105,0.0720872610989127,0.0271220404349004,0.917823729415735,1.07619940042496,-0.037240718770215,0.0318927453202215
1.1604425907135,0.0631453469395638,0.105074977473089,0.034473123493216,1.01987208326658,1.31137149532636,0.00854567420269981,0.11772573917201
0.70992910861969,-0.150781720876694,0.0708817118102337,0.0410288749591778,0.594360270599524,0.841281621654829,-0.225950238089445,-0.0750586095722371
1.04398226737976,0.017567552626133,0.0774599437967295,0.032082949325531,0.950846216082573,1.1453326990207,-0.0218897215196918,0.0589316597766031
0.943500995635986,-0.0264230109751225,0.0746893924259905,0.0308064597089502,0.840495447317759,1.05056749184926,-0.0754646367401431,0.0214239580991314
0.867677807807922,-0.0629121661186218,0.0698350951253526,0.0330602256543851,0.774355158209801,0.964872664709886,-0.111059815932805,-0.0155299981119939
1.68511343002319,0.225285992026329,0.149955684105804,0.032408798694627,1.51220107475917,1.88638961116473,0.179609542153079,0.275631395819795
0.877423524856567,-0.060358501970768,0.11423971570804,0.0554852373845193,0.668418627480666,1.10379794935385,-0.174951564279608,0.0428895771936646
1.08231723308563,0.0330994203686714,0.0874978002416461,0.0323498239837716,0.960488840937614,1.22146309117476,-0.0175076803125139,0.0868802573567332
1.47340619564056,0.166896060109138,0.134445612119542,0.033515099146748,1.31000762780507,1.64781694710255,0.117273815968897,0.216908961638962
1.29753601551056,0.11046440154314,0.153061526874098,0.0469092899312082,1.05775527954102,1.56102168560028,0.0243852000852633,0.193408936291836
1.00874245166779,0.00249046925455332,0.0840561582165581,0.0323775036651055,0.888403920332591,1.12706026037534,-0.0513895346019211,0.0519471281371721
0.940036535263062,-0.0281259883195162,0.0724056633300705,0.0345787121649222,0.852366122106711,1.02882408599059,-0.0693738200489022,0.0123411223313282
1.05656039714813,0.0226026773452759,0.0873161508941022,0.032560357393303,0.932625350356102,1.19174896379312,-0.0302927842626666,0.0761847813089453
1.02131402492523,0.00799087714403868,0.079489773753493,0.0315730046387259,0.923002236584822,1.12964123586814,-0.0347972466674587,0.0529405340862716
0.659236490726471,-0.183764860033989,0.077349557562218,0.0488269114343515,0.528042695919673,0.80749747256438,-0.277330963235212,-0.0928588728751612
0.810883939266205,-0.092234767973423,0.0636328533750886,0.0320629623629088,0.732168306410313,0.897891080379486,-0.135389081509203,-0.0467763445311791
0.772810757160187,-0.116326928138733,0.113643842858763,0.0613324648998069,0.577693495154381,0.99552541077137,-0.238302532601069,-0.00194765014652675
1.13678681850433,0.0539253540337086,0.107474851549875,0.0382907310125995,0.967098397513231,1.31638552844524,-0.0145294064717566,0.119383097442213
0.77153742313385,-0.113931655883789,0.0643442925689224,0.0323482999244692,0.680328120787938,0.866082450250785,-0.167281589482215,-0.0624407674546907
0.858602166175842,-0.0682150572538376,0.0868004527843906,0.0409554198588873,0.720007667442163,1.01071192324162,-0.142662886595762,0.00462738742649262
0.734734296798706,-0.13628026843071,0.0803738199608277,0.0451417084316641,0.59851683229208,0.881118056178093,-0.222923631861842,-0.0549659648304326
0.824342012405396,-0.0865727066993713,0.0963055760922924,0.0473962919484646,0.667664598921935,0.995317181944847,-0.175441650970624,-0.00203849980996054
0.993384003639221,-0.00573056470602751,0.121415019706643,0.048633035502248,0.802405263483524,1.20783413251241,-0.0956062398941441,0.082007296694398
1.01550722122192,0.00449121650308371,0.106361509284333,0.0429554804990065,0.839413916071256,1.20670639375846,-0.0760238367440665,0.0816016106074049
0.939976572990417,-0.0285664312541485,0.0875212138081695,0.0373977480273565,0.801682967940966,1.08548947175344,-0.0959973478136443,0.0356256154946866
0.715912103652954,-0.146957367658615,0.0680061170475122,0.0391628942222156,0.604218889772892,0.841257204612096,-0.218805702403264,-0.0750712136432341
1.18136465549469,0.0705836713314056,0.117695850228019,0.0381251066481943,1.02003880937894,1.35255351861318,0.0086166320534058,0.131154458531658
0.80896919965744,-0.0936190038919449,0.0721358990681811,0.0359327522412144,0.69715321312348,0.926625029742718,-0.156671767774801,-0.0330959743038355
0.853493571281433,-0.0703355297446251,0.0771353414743578,0.0354426181443693,0.741820420324802,0.974436306456725,-0.129701216474304,-0.0112465430836585
1.04161143302917,0.015850393101573,0.10520658759126,0.0387677576634677,0.892682321369648,1.20236156483491,-0.0493030663453888,0.0800350849562658
0.82601660490036,-0.0851217806339264,0.0843340640856056,0.0422678110721667,0.682569097479184,0.978308543066184,-0.165853386163517,-0.00952415748303395
1.28385174274445,0.103197060525417,0.207087581096529,0.0674834225914855,0.932771407067776,1.67978381514549,-0.0302247785245789,0.225253391782122
0.59606671333313,-0.226446583867073,0.0567218346321829,0.0379759119312984,0.508944032092889,0.692959991594156,-0.293329974344414,-0.159291883134773
1.10873889923096,0.0422455333173275,0.126421976372557,0.0466020005486134,0.902881758411725,1.3454477707545,-0.0443691212689077,0.128866842813812
0.70709216594696,-0.1518175303936,0.0573002251640921,0.0329469499869698,0.62339504857858,0.801159963508447,-0.205236656092602,-0.0962807620378348
1.36824262142181,0.13300833106041,0.173477451345378,0.05145741505003,1.0903391212225,1.68038628896078,0.0375614336404721,0.22540910691711
1.12017798423767,0.0478055663406849,0.100220451398823,0.034696454782994,0.980943704644839,1.27162921229998,-0.00835591712680034,0.104360495412809
1.48528325557709,0.168360635638237,0.211293811444996,0.0529020214269571,1.17441254854202,1.8269615650177,0.0698206826049731,0.261729335568603
0.842097640037537,-0.076397567987442,0.0773109372452474,0.039427008754493,0.7263667345047,0.970673378805319,-0.138844053668844,-0.0129268809827625
1.0239725112915,0.00945130735635757,0.0702869613944405,0.025943356457473,0.955256146192551,1.09674549500148,-0.0198801599377064,0.0401058591477999
0.987222194671631,-0.00922402553260326,0.135778408569526,0.055235977587996,0.768337340156237,1.2304788351059,-0.114448065413411,0.0900741478131879
0.819177567958832,-0.0881035923957825,0.0733230462375039,0.0347133393316341,0.719677439332008,0.927334118882815,-0.142862111721442,-0.0327637814406153
0.941550195217133,-0.0278992187231779,0.0884113199638366,0.0381903074172193,0.798958190778891,1.09035664399465,-0.0974759466365245,0.0375685320274088
1.04670476913452,0.0179676245898008,0.0877897849688464,0.0456406450514797,0.934477370977402,1.16934192975362,-0.0294312145488959,0.0679415227025882
0.926179468631744,-0.0350835435092449,0.088541913265932,0.0384691004246176,0.79305666188399,1.07704465786616,-0.100695782346275,0.0322337081053388
0.890214562416077,-0.0535649918019772,0.109939074333157,0.0508596521141484,0.70632567803065,1.09520367483298,-0.150995010454231,0.0394948787806751
0.985490322113037,-0.00788937695324421,0.0881371009073458,0.0357343590219901,0.838264944156011,1.14488896628221,-0.0766186955194191,0.058763369078815
0.827129006385803,-0.0845757201313972,0.0846429937589999,0.0428055419040279,0.677048753698667,1.00561397969723,-0.169380057411945,0.00243130058074423
1.21632635593414,0.0836567655205727,0.104581585192065,0.0337689671405871,1.07456443806489,1.37585567732652,0.031232463631896,0.138572878826704
0.909906327724457,-0.041886143386364,0.0634035901463069,0.0269226869414614,0.846426553030809,0.975988021989664,-0.0724107210573999,-0.0105555135151014
0.786458313465118,-0.106779284775257,0.086679361393484,0.0455907389442034,0.642087403436502,0.956708752612273,-0.192405860942535,-0.0192202528049039
1.52576470375061,0.182286486029625,0.125109646808438,0.0309490204774292,1.36709911127885,1.69440665543079,0.135799997303732,0.229017638927369
1.13478147983551,0.0532041303813457,0.106609637610526,0.037645852483154,0.972986016174157,1.31129271785418,-0.0118934033073636,0.11769964855205
1.09239363670349,0.037046492099762,0.0942179109368359,0.0326772641229107,0.968747233847777,1.22298792103926,-0.0137895253574899,0.0874221588462736
0.752428293228149,-0.128577277064323,0.119536157582085,0.0656579115345083,0.54993168960015,0.969922934472561,-0.259691253594015,-0.0132627759239505
1.16745686531067,0.0656708851456642,0.112518012571755,0.0350957223606731,1.02941329379876,1.30987575650215,0.0125897707525926,0.117230103740699
1.35041272640228,0.12932750582695,0.107393807298967,0.0301918210142886,1.21057091057301,1.49423472980658,0.0829902337951761,0.174418814987585
0.938612580299377,-0.0292711611837149,0.0878029306337634,0.0386971223903903,0.803200129171213,1.08793042997519,-0.0951762337013231,0.0366011158479392
0.836564242839813,-0.0792492106556892,0.0794494009973795,0.038111975828915,0.710595912734667,0.969395466645559,-0.148377298140566,-0.0134990875778354
1.3886114358902,0.139698043465614,0.169161614003346,0.0490684816220548,1.11251162787278,1.69123130142689,0.0463045522751886,0.228202974028591
1.40790474414825,0.1470727622509,0.13318439614865,0.0342426690485091,1.24700883030891,1.56798403163751,0.0958695287441379,0.195341633895559
1.10881733894348,0.0429493561387062,0.111040131852485,0.0397011553229975,0.94223309357961,1.28510230680307,-0.0258416463290448,0.108937701445857
1.8365763425827,0.262630939483643,0.167618536133631,0.0326583841273323,1.64645636975765,2.03804045716922,0.216550210034799,0.309212800780578
0.800467014312744,-0.0987201631069183,0.0812330867971895,0.0417119687329445,0.666828330357869,0.94466019521157,-0.17598595806255,-0.0247243901966129
1.17888998985291,0.0703767538070679,0.0913700111396454,0.0297529484195395,1.0630738178889,1.30114593704542,0.026563419663766,0.114326003459883
0.906925320625305,-0.0438440479338169,0.0663285923324674,0.0404957682766755,0.842846760650476,0.975128295520941,-0.0742513781372665,-0.0109382431731398
1.22110629081726,0.082020565867424,0.182618829648391,0.0640003346123833,0.900715992848078,1.59412710269292,-0.0454121347757453,0.202522891718308
1.35451436042786,0.130439832806587,0.118084348635721,0.0326993802518574,1.20858319799105,1.51977251867453,0.0822765448312905,0.181778587006127
0.848702847957611,-0.074180856347084,0.103246888823315,0.0497339906261187,0.679699145754178,1.03692442675432,-0.167683288212292,0.0157471052120598
1.20395386219025,0.079535610973835,0.0885312311483512,0.030776668314404,1.0996704518795,1.31190288265546,0.0412625537805546,0.117901648875415
0.995933413505554,-0.00530178938060999,0.138455484020808,0.0540367216463836,0.781404839456081,1.22978581587474,-0.107123904997435,0.0898294167806813
1.76153802871704,0.244823902845383,0.137951639362925,0.0290038625398942,1.60313714444637,1.92637219925721,0.204970676575298,0.284740200470621
0.897674441337585,-0.0485065765678883,0.082286500039255,0.0367119060514624,0.769974099596341,1.03545532524586,-0.113523884227898,0.0151313632339058
0.909083604812622,-0.0449933558702469,0.11943359780487,0.0555626024006854,0.703415583074093,1.1474755436182,-0.152788015319095,0.0597434367221107
0.729426801204681,-0.13865002989769,0.0686378494904662,0.0364389052028082,0.630171620845795,0.836680167913437,-0.20054116043539,-0.077440542650298
0.720174729824066,-0.145753338932991,0.0893408080617689,0.052302784333137,0.564360442260901,0.888414497673512,-0.24844351441886,-0.0513843953400423
0.709875226020813,-0.15092895925045,0.0733896868363359,0.0420546067761662,0.594332791864872,0.848895226915677,-0.225970307519741,-0.0711459101670889
0.94988614320755,-0.0234135277569294,0.0687349153897635,0.031813254203175,0.877431525290012,1.02876785794894,-0.056786765863078,0.012317387019783
0.616429030895233,-0.211453095078468,0.0519668523320979,0.0330431006070771,0.542085872093837,0.697033896048864,-0.26593191714713,-0.156746123444873
0.744515419006348,-0.130193278193474,0.0750289165860069,0.041869452668636,0.615822553634644,0.887688206136227,-0.210544409717154,-0.0517395504681246
0.665005326271057,-0.178486347198486,0.0555071228737511,0.0327553125141003,0.586098611354828,0.750440126657486,-0.232029308472513,-0.12468401153693
0.716135263442993,-0.150322899222374,0.117099156458754,0.0673619320901074,0.515972901384036,0.935681062936783,-0.28737313454039,-0.0288721969377688
0.640373826026917,-0.195276618003845,0.0602783045531168,0.0376437356887944,0.547534541289012,0.743067434926828,-0.261588479285637,-0.128971772751864
1.56383645534515,0.190814971923828,0.208363931117612,0.0530352135257787,1.23361743688583,1.92758123974005,0.0911804993982715,0.285012687517358
0.818187355995178,-0.0881234779953957,0.0589689342707407,0.0285684326040798,0.75218367377917,0.891177394986153,-0.123676097246512,-0.0500358393589787
0.668886482715607,-0.177586585283279,0.0790402062604708,0.0503393440870049,0.525432434181372,0.822521295150121,-0.279483124420491,-0.0848528518512382
0.929630100727081,-0.0328717976808548,0.0739519065540556,0.031085701891099,0.828466774523258,1.03971656362216,-0.0817249047971485,0.0169149603676307
0.675103664398193,-0.173899561166763,0.0846407848880927,0.0529802449555013,0.527636822561423,0.840789685646693,-0.277664978956954,-0.0753126960960996
1.07407879829407,0.0298173483461142,0.0867551438326078,0.0316060613299187,0.954329830904802,1.19717113375664,-0.0203015015679803,0.0781562360448174
0.919059276580811,-0.0380691885948181,0.0763618807643995,0.0355100298625636,0.819141801695029,1.02826114594936,-0.0866409110316706,0.0121034176593233
0.85906308889389,-0.0678245276212692,0.0837272489394475,0.0392286715007037,0.729322922229767,1.00719272692998,-0.137080136976581,0.00311258090236678
1.64670991897583,0.215543478727341,0.1292604363372,0.0290782700041272,1.49814453919729,1.80925782124201,0.175553715594275,0.257500457231711
0.943473637104034,-0.0261938329786062,0.0665763541587953,0.0277542703166414,0.87728093167146,1.01488600174586,-0.0568613119599994,0.00641726159726828
1.08286261558533,0.0335692465305328,0.0732960121743985,0.0317454788409668,1.02493518392245,1.14533509711425,0.010696401750563,0.0589325685513613
0.988270878791809,-0.0077455542050302,0.111287573907871,0.0473619342887712,0.79889708807071,1.19840899606546,-0.0975091626196438,0.0786049651106335
1.23880815505981,0.0914372280240059,0.119679020096944,0.0350827501801208,1.0872814287742,1.39768103758494,0.0363419698202921,0.145408048511807
1.05508136749268,0.0222739819437265,0.0796699091952524,0.0283577195123086,0.962013842662175,1.15632133285205,-0.0168186800939981,0.0630785379700122
0.924910724163055,-0.0350891686975956,0.0731015508194507,0.0313581424625588,0.825805494189262,1.03037498990695,-0.0831222339987363,0.012995308462865
0.883119642734528,-0.0563119128346443,0.0962406313272048,0.0441393330899793,0.732084495822589,1.0577540397644,-0.135438794348085,0.0243846926599512
1.32054817676544,0.117974303662777,0.157525950358381,0.0482277002860056,1.06419548292955,1.59804289539655,0.0270213698988498,0.203588432631781
1.27062129974365,0.10222939401865,0.123675989834401,0.0382864637133137,1.08970345854759,1.46138028502464,0.0373083113568415,0.164763242985948
0.630366086959839,-0.202497124671936,0.0640870484850246,0.0420412204263375,0.52522643605868,0.751362804075082,-0.279653426830508,-0.124150312201218
0.62428605556488,-0.206863030791283,0.0663823512493305,0.0434656844471337,0.514837860564391,0.741861197352409,-0.288329550232017,-0.129677345951416
0.810416460037231,-0.0955155864357948,0.114835395963272,0.0603570404004881,0.610469536483288,1.0440649141868,-0.214336003954081,0.0187274255170884
0.741630733013153,-0.132209688425064,0.0805989979798811,0.0450810457974192,0.608560339609782,0.890661450227102,-0.21569635632759,-0.050287345212658
0.626948595046997,-0.205699875950813,0.0745279559421153,0.0500894730374308,0.499434553086758,0.769997623562813,-0.301521416328131,-0.113510618620302
0.995759963989258,-0.00326879625208676,0.0863243574727122,0.0341842375860217,0.869999399781227,1.13335848053296,-0.0604810536442915,0.0543672947725002
0.66432511806488,-0.179993718862534,0.0719113785223689,0.0448595812354999,0.547022674977779,0.79761410454909,-0.261994674281841,-0.0982071758475995
0.733686208724976,-0.136182472109795,0.0691108812051154,0.0373689784663195,0.629944317042828,0.848812368015449,-0.200697837663484,-0.0711883586012131
0.811141729354858,-0.092639297246933,0.0759869801260824,0.0381613406779381,0.690423715611299,0.946401246388753,-0.160884299389965,-0.0239246997510454
0.732569992542267,-0.137863636016846,0.0849555139893305,0.0479292360803725,0.589131814241409,0.891418414811293,-0.22978752761014,-0.0499183985589263
1.54214549064636,0.18672339618206,0.142406471338073,0.0329826234886001,1.37899485131105,1.71676912109057,0.139562634541365,0.234711892156672
1.09305572509766,0.0372756160795689,0.0932934791849023,0.0334417815480909,0.964222854872545,1.23120850324631,-0.0158225787743357,0.0903316053830039
0.660221457481384,-0.184497565031052,0.0937579767489403,0.0599710322403492,0.498040035615365,0.847650613387426,-0.302735746888843,-0.0717831205329731
0.795803427696228,-0.101333774626255,0.0836184814892612,0.0421806627380026,0.664299499988556,0.93848344484965,-0.177636077494894,-0.0275734208609498
1.02352869510651,0.00858755502849817,0.0902362573518148,0.0354486514668748,0.885769146184126,1.1742388010025,-0.0526794527474208,0.0697564269042463
1.06817388534546,0.0257510002702475,0.126608380490441,0.049682244620461,0.851825924217701,1.29915235439936,-0.0696491507418211,0.113660080122461
1.73633515834808,0.238306865096092,0.155278643634777,0.0320854384300127,1.55964609881242,1.92446525096893,0.193026062711094,0.284310073195585
1.37038099765778,0.134900540113449,0.136840677388888,0.0401761815246352,1.15754076639811,1.59936694800854,0.063536279161891,0.203948114606034
1.3632732629776,0.132637724280357,0.139040932697361,0.0399210939428923,1.15885155697664,1.58334311445554,0.064027805283702,0.199575037404455
1.01672697067261,0.00492642167955637,0.110432434830497,0.0434770551368277,0.846659183005492,1.20715665618579,-0.0722913770938577,0.0817636203067669
0.68062299489975,-0.169190630316734,0.0686396676647395,0.0423762396580825,0.557263335585594,0.811852041383584,-0.253939530546324,-0.0905231264300442
0.818764925003052,-0.0912471562623978,0.117417895807392,0.0619390674092249,0.603819185495377,1.05990198055903,-0.219093109758364,0.0252657036359847
0.840648710727692,-0.0765158534049988,0.0638971152165875,0.0313570268535414,0.763304640352726,0.921900232632955,-0.117302117133423,-0.0353160783204129
0.78841108083725,-0.10598236322403,0.0907760430187039,0.0483533859550117,0.624014570812384,0.970084183414777,-0.204805308315146,-0.0131905789253379
0.995023429393768,-0.00366341602057219,0.0883460036303379,0.0350985633247821,0.864870833357175,1.13881755868594,-0.0630487487177554,0.0564541371783314
1.25166428089142,0.0953744947910309,0.130245126453223,0.0419816014896727,1.04142041007678,1.48536297082901,0.0176260771542405,0.171832593016732
0.905836224555969,-0.0441822707653046,0.0715753509245816,0.0323929357350816,0.80954298277696,1.00954899887244,-0.091760088337213,0.00412739818408202
0.960933029651642,-0.0189219191670418,0.0810305375580191,0.0399833748422353,0.851982380946477,1.08027197519938,-0.0695693907832831,0.033533107805723
1.10004675388336,0.040172416716814,0.0912707347206855,0.0315049156711909,0.983204481502374,1.22218084335327,-0.00735615062556177,0.0871354722333043
0.98053377866745,-0.00999712850898504,0.0855169681633174,0.0347873603057207,0.856889009475708,1.11631504793962,-0.067075427427891,0.0477867692536389
0.752435624599457,-0.125341862440109,0.071307813451547,0.0391139481413447,0.630756792922815,0.881132911145687,-0.200138095575113,-0.054958577342949
1.00512731075287,0.00061175919836387,0.0915810198004986,0.0366200319772022,0.869303135077159,1.15231614510218,-0.0608287573260942,0.061571645509463
0.879133582115173,-0.0577717833220959,0.0839507956242901,0.0392256236488229,0.739928062260151,1.02395608623823,-0.130810506713472,0.0102813312415953
1.18516564369202,0.0720200538635254,0.11325400123412,0.0381516034176603,1.0161144644022,1.37272108395894,0.00694263082280519,0.137582303888368
0.839475810527802,-0.0788251236081123,0.098410596842081,0.0492111560662553,0.672001212835312,1.02158442735672,-0.172629943359704,0.00927424899017106
1.2519143819809,0.0964801162481308,0.0991405928275775,0.0293679884268333,1.13994064629078,1.37467527190844,0.0568822348409206,0.138200066883957
0.672516584396362,-0.173940241336823,0.0610785444537515,0.037134057231489,0.57628160516421,0.780750221014023,-0.239365242842288,-0.107487884413918
1.07882106304169,0.0313086099922657,0.0910043083162715,0.0405763034497089,0.962294975916545,1.20686410864194,-0.0166917816549846,0.0816583689853346
0.661093890666962,-0.181746110320091,0.0661220710917892,0.0411842377214396,0.551127640902996,0.776598343749841,-0.258747807839328,-0.109803540034262
1.07285308837891,0.0283960793167353,0.113136663737898,0.0421955181599567,0.897134228547414,1.26585159699122,-0.0471426019286221,0.102382793461599
0.953686416149139,-0.021732646971941,0.0688587578825264,0.0333653826016632,0.883219527204831,1.0265672604243,-0.0539313376718564,0.0113874080594486
0.676461637020111,-0.172258332371712,0.0748927419841992,0.0461020695524803,0.548834379514058,0.818220476309459,-0.260558693072828,-0.0871296700390148
1.07744479179382,0.0314918644726276,0.0733450358212676,0.0284181878730349,1.01433783769608,1.14311589598656,0.00618262620874107,0.0580902639602907
0.819758713245392,-0.0900599509477615,0.109478794813961,0.0568210281565387,0.631700687110424,1.03454640507698,-0.199488651922141,0.0147499757953774
0.850072741508484,-0.0730501562356949,0.0948730790731598,0.0460109624904964,0.696779129902522,1.02377256949743,-0.156904873187849,0.0102034726000843
0.615276455879211,-0.212903901934624,0.0610218567663617,0.0407854230547938,0.516335399945577,0.727928450703621,-0.287068103610777,-0.137911306121335
0.737332105636597,-0.135013237595558,0.0845166901937235,0.0476961507223706,0.598103589812915,0.899114470183849,-0.223223591107917,-0.0461850140994253
0.701117217540741,-0.155375435948372,0.0551774860219993,0.0309288201715144,0.625271165370941,0.779653489092986,-0.203931600926035,-0.108098375861684
0.582503080368042,-0.238099664449692,0.0737278034663195,0.054209147652181,0.451373436301947,0.729281071821849,-0.345464014604819,-0.137105094003976
0.82300066947937,-0.0869542583823204,0.0885638572663573,0.0447023563598931,0.671279110511144,0.987381419042746,-0.173096867390345,-0.00551505473562027
0.793191254138947,-0.102174557745457,0.0716221845089691,0.0357887684349506,0.684181960920493,0.904831449190776,-0.164828386455243,-0.043432313065553
0.799571096897125,-0.0984270498156548,0.0650527759219385,0.0329176307787396,0.708931891123454,0.895614930987358,-0.149395488400138,-0.0478786887398621
0.892491698265076,-0.0504076480865479,0.0663170179934412,0.0286967492646799,0.809464352826277,0.977467206120492,-0.0918022758352153,-0.00989789427040453
0.78259152173996,-0.107693858444691,0.0627560511464993,0.0319383113187881,0.695378641784191,0.879595730702082,-0.157778652895486,-0.055716889557316
1.15035271644592,0.0597755312919617,0.0866632055984565,0.0293054190733523,1.03320614198844,1.27406647404035,0.014186974412694,0.105192072919971
0.934726178646088,-0.0304175149649382,0.0702255061865113,0.0308521838425664,0.853332825005054,1.02514466643333,-0.0688815482060282,0.0107851526139097
0.850758373737335,-0.0720479190349579,0.0841838165208744,0.0390437453666455,0.723669972022374,0.991013423105081,-0.140459458970894,-0.00392046389358749
1.64885449409485,0.21580658853054,0.150611931354599,0.0326258548624802,1.4745211104552,1.83308251003424,0.168650992440731,0.263181999104025
0.870060086250305,-0.0621451288461685,0.0813179537755115,0.0375220138536672,0.741773964464664,1.00625563462575,-0.129728418142092,0.00270832440901855
0.850068151950836,-0.0716613978147507,0.0663879313166,0.0299872058806902,0.762897638479869,0.940786565840244,-0.117533730855987,-0.0265088963963148
1.22315943241119,0.084600530564785,0.146118973528182,0.049424894845603,0.97878525753816,1.50985530416171,-0.00931258418743375,0.178935198671718
0.805402874946594,-0.0949878022074699,0.0603012420685865,0.0282519466951971,0.733248976866404,0.881177168091138,-0.134748561982965,-0.0549367642580449
1.04924380779266,0.0189344752579927,0.104299425422546,0.0402693753640502,0.884528911113739,1.24080308576425,-0.053287970078802,0.0937028647716118
0.964889466762543,-0.0166749134659767,0.0752400166286794,0.0309330223647079,0.867279441654682,1.06831702888012,-0.0618409708022712,0.0287001499616959
1.08894205093384,0.0337864942848682,0.140790477719113,0.0519074916304976,0.856414342919985,1.34304985503356,-0.0673160739417808,0.128092134176393
0.693876445293427,-0.160432934761047,0.0641255144401647,0.0380246114949328,0.587111769119898,0.807715387145678,-0.231279214431309,-0.0927416699130072
0.938706338405609,-0.0287442933768034,0.0718347034794335,0.035382155950839,0.853598828613758,1.03433164854844,-0.068746189777097,0.0146598134554546
0.704818487167358,-0.153196513652802,0.058766555279745,0.0320830436682888,0.625632368524869,0.79241789529721,-0.203680791022645,-0.101045728434229
0.988194167613983,-0.00645880494266748,0.0764048510308315,0.0353212211212937,0.897572912772497,1.08738698164622,-0.0469302644160929,0.0363841012756141
1.02434861660004,0.00855654291808605,0.102085755483282,0.039479731980697,0.87304081171751,1.19215275247892,-0.058965454509546,0.0763318975962853
0.835245609283447,-0.0797965526580811,0.0763692072628083,0.0365095809033326,0.719563121100267,0.958205571770668,-0.142931109819625,-0.0185413081364399
1.07873511314392,0.0310346838086843,0.105783386159596,0.0395802399928249,0.918330134451389,1.26633502244949,-0.0370011797056957,0.102548616740539
0.797240257263184,-0.101470626890659,0.0970330235799847,0.0511607605752162,0.628857940932115,0.980249088009199,-0.201447459686769,-0.00866362912624741
1.22967505455017,0.0883323475718498,0.109227430042368,0.03440257187232,1.07703402539094,1.39009379247824,0.03222942220226,0.143044089031867
0.710897505283356,-0.151458516716957,0.089007382319772,0.0529419073729778,0.556571696698666,0.884505064288775,-0.254478885078637,-0.0532996817524685
0.889394462108612,-0.0528076738119125,0.0876469200357219,0.0398283142572286,0.752434365451336,1.03732491135597,-0.123531378528093,0.0159147981191986
0.925948619842529,-0.0346359759569168,0.0751581657605658,0.0315265839571071,0.822424036761125,1.03122434516748,-0.0849042099565367,0.0133531426028838
1.27092552185059,0.101395308971405,0.155194742425908,0.0471920008478628,1.04290209611257,1.52662022610505,0.0182435386574294,0.183731011702735
1.49580240249634,0.172941699624062,0.149604165307715,0.0400306122864546,1.26366317272186,1.7555239935716,0.101631320344848,0.244406769503956
1.20197832584381,0.0785682499408722,0.101953318475123,0.0328162688548832,1.06219038963318,1.34828546643257,0.0262023608941078,0.129781841647738
1.0694192647934,0.0275932159274817,0.0958336698830265,0.0359746881808555,0.925194341440996,1.22900419433912,-0.0337670389776437,0.0895533641072047
1.11622154712677,0.0465232841670513,0.0902243204005874,0.0316696801089629,0.986718633274237,1.25572058657805,-0.00580667385142586,0.0988930124241107
0.914541602134705,-0.040263332426548,0.0758197144834115,0.036682481176935,0.812995612621307,1.02954976558685,-0.0899118008511959,0.0126473340326666
0.806510746479034,-0.0946989059448242,0.0674830672209586,0.0326744780676774,0.71354185740153,0.909041206041972,-0.146580548174983,-0.0414164339901
0.907883107662201,-0.0447485446929932,0.105415379301354,0.0486962205715572,0.731174528598785,1.11401422719161,-0.135978951617942,0.0468907262613373
0.77803498506546,-0.111080467700958,0.0790860667180068,0.0418963475267134,0.648571977516015,0.922856999437014,-0.188041827923778,-0.0348655895160243
0.939772248268127,-0.0285688377916813,0.078928204116694,0.039699560124901,0.838446865479151,1.05168952743212,-0.0765244546581306,0.0218875484880651
0.973381221294403,-0.0130502367392182,0.0829341308968408,0.0328285834228458,0.859835983812809,1.09613663554192,-0.0655843897464963,0.039864693148475
1.74969923496246,0.241822317242622,0.143313087817774,0.0298350406949829,1.59144390622775,1.91235614518325,0.20179133560787,0.281568770547956
0.7883460521698,-0.104164682328701,0.0565636312947237,0.026223829418686,0.731982853015264,0.846589520076911,-0.13549909269903,-0.07232711224391
0.922872543334961,-0.0359148420393467,0.0698157485412718,0.0294062895877189,0.837838052709897,1.01492701570193,-0.0768399203227322,0.00643481152501752
0.80659943819046,-0.0948672145605087,0.0720132920083253,0.035477570553453,0.699473067124685,0.923751214146614,-0.155229003282271,-0.0344449931051725
0.747600197792053,-0.128081634640694,0.0705252250769383,0.0383135553453053,0.639136523008347,0.864245098829269,-0.194406364730699,-0.0633630779587199
1.01473617553711,0.00526413600891829,0.0783128298421811,0.0296475247982705,0.916774664819241,1.12180051704248,-0.0377373972109481,0.049915635501769
1.31175315380096,0.11646668612957,0.117665666327511,0.0330694836442354,1.16850083867709,1.46949978868167,0.0676289995572411,0.167169526458894
