PHI,log10.PHI,Std.Dev,log10.Std.Dev,0.025,0.975,log10.0.025,log10.0.975
0.465814888477325,-0.345527291297913,0.112894404819925,0.112773575705063,0.2592745381097,0.700757865111033,-0.586240131533709,-0.154432047971434
1.48906719684601,0.169540107250214,0.187397004688059,0.0539675952666907,1.18146732648214,1.88243466715018,0.072421714686592,0.274719905720453
1.02625119686127,0.00708024064078927,0.142782202424204,0.060220026525692,0.782265235483646,1.32672984600067,-0.106645970888252,0.122782429874082
0.364637404680252,-0.451304107904434,0.0879319438238113,0.109035296490497,0.208973228683074,0.553199988603592,-0.679909363011665,-0.257117864322141
0.985506534576416,-0.0107794273644686,0.14157292964443,0.0620866026756921,0.741520083944003,1.28415885766347,-0.129877112448054,0.10861874974442
1.26154601573944,0.0976599082350731,0.155331690675297,0.0529427693448432,1.00881861050924,1.58454816738764,0.00381308274307914,0.19990544528251
1.03176999092102,0.00971580576151609,0.138317198579604,0.0579237741794934,0.797239098946253,1.32104697922866,-0.0984114126813188,0.120918262254263
0.738020896911621,-0.136532232165337,0.10780982276799,0.0632287764511029,0.554045181473096,0.959703266620636,-0.256454880873366,-0.0178630269500054
0.98458331823349,-0.0109833516180515,0.138371154955723,0.0605986416155712,0.749066382646561,1.27526834309101,-0.125479696091209,0.105601575540227
1.77168011665344,0.244952127337456,0.224583781898938,0.0544668882358764,1.40235628088315,2.24076437950134,0.14685836379199,0.350396192071774
1.95571625232697,0.287952095270157,0.245168338621037,0.053824460828112,1.54997426470121,2.47835647861163,0.19032445350652,0.394163759117319
0.488893210887909,-0.319654226303101,0.0979481197839397,0.0885909313934275,0.313801115999619,0.690439853568872,-0.503345516226996,-0.160874171134722
0.51305079460144,-0.300131589174271,0.110292558171079,0.0957624679620149,0.315596333891153,0.748703474303087,-0.500868067171528,-0.125690151824187
0.311224043369293,-0.517978072166443,0.0621816192474985,0.112583717681133,0.204786535352468,0.436065823336442,-0.68869860927104,-0.360447951933125
1.85748612880707,0.265448272228241,0.237571777928828,0.0547790378581162,1.47115336259206,2.37587491869927,0.167657940016772,0.375823421158744
0.907143652439117,-0.0467961318790913,0.13080480491051,0.0623323587626663,0.686087216436863,1.18657303849856,-0.163620672648621,0.0742944740528505
0.344921320676804,-0.479632765054703,0.0940153221935729,0.126448597103775,0.1770956043154,0.537288394073646,-0.751792724111083,-0.269792940448804
0.371429771184921,-0.437248677015305,0.0670147671474517,0.0791338454408932,0.252376612275839,0.511293432116509,-0.597950897478432,-0.291329817794472
0.334078639745712,-0.482869982719421,0.0584967266901892,0.0768326774016092,0.231583235661189,0.451982165624698,-0.635292884050158,-0.344878701523256
1.1886214017868,0.0710128024220467,0.16286892643493,0.0591225938036445,0.912606451412042,1.54278389414152,-0.0397164654417831,0.188305089685009
0.785086691379547,-0.108788028359413,0.102834158836446,0.0567379949007671,0.611377551654975,0.993124476075172,-0.213690513732458,-0.00299631460505099
0.644506692886353,-0.196890652179718,0.108251334374861,0.0731135733196533,0.455482906351487,0.877788464228312,-0.34152792979447,-0.0566101388905423
0.120922647416592,-0.956966578960419,0.049223574050007,0.194301544673255,0.0404610921318332,0.228360450516145,-1.39296248524717,-0.641379161002123
1.00410711765289,-0.0041236188262701,0.166090051012308,0.0717275407801499,0.713887330392996,1.35831096271674,-0.146370340167933,0.132999199396766
0.242996245622635,-0.626212239265442,0.0558308415963733,0.10275131238264,0.143687910834948,0.362360805273056,-0.842579769927157,-0.440858787612204
1.67354607582092,0.220222339034081,0.212077881738923,0.0542824831592191,1.32519754866759,2.13533073266347,0.122280621995849,0.32946507734853
0.527597367763519,-0.283132016658783,0.0833712084449973,0.0689287080573043,0.38012514313062,0.703549440701803,-0.420073404417998,-0.15270538544886
0.977631628513336,-0.0141254886984825,0.137899700276797,0.061169474625902,0.741911739110947,1.2647045960029,-0.129647759622764,0.101989087670654
0.783802270889282,-0.111037060618401,0.122235796339745,0.067535655507719,0.574155151844025,1.04493488073349,-0.240970762135714,0.0190892264721016
0.349407136440277,-0.47021484375,0.085295923874984,0.110667110910114,0.19638563853999,0.531916659573714,-0.706890332609098,-0.274156411172174
0.148863986134529,-0.860567092895508,0.0552484426328816,0.178828487404206,0.0536206973095735,0.267236410578092,-1.27066761554834,-0.573104377203335
0.581559062004089,-0.241631060838699,0.0986487309669099,0.0736995088868069,0.409761574119329,0.794876901805401,-0.387468772288987,-0.0997001351175082
0.530585289001465,-0.279633760452271,0.0756598712290068,0.061763365605668,0.399490842719873,0.687897271414598,-0.398493195098991,-0.162476415656159
0.16600875556469,-0.818376421928406,0.0664713134105432,0.192615697263524,0.0553395648176471,0.315016956875722,-1.2569642652541,-0.501666090551115
0.846375703811646,-0.0767248794436455,0.119185556475412,0.0610899679118181,0.644773708283901,1.09551864763101,-0.190592682512887,0.0396197393851017
0.499968618154526,-0.305218428373337,0.0693928021978662,0.060156823285579,0.384561005483071,0.639397625128428,-0.415034756123616,-0.194228983896525
1.47262036800385,0.164999946951866,0.176925537451488,0.0516864378947152,1.17764554421107,1.84552375276883,0.0710145073388207,0.266119639096929
1.24591088294983,0.0918556749820709,0.161885900314542,0.0561254188005841,0.969314942757289,1.58275109330813,-0.0135350929713732,0.199412609140707
0.252579659223557,-0.615617990493774,0.0697144766358806,0.129965397385898,0.127252282574773,0.400535460561514,-0.895334418902773,-0.397359029544923
0.270167857408524,-0.588831722736359,0.0786652422896151,0.139254982747008,0.124972483391563,0.430341431498528,-0.903185601017368,-0.366186848155426
1.0292010307312,0.00966628268361092,0.118263687350507,0.0495231303959087,0.841434357066949,1.26793057620525,-0.0749797596646946,0.103095469975962
2.06023406982422,0.311040878295898,0.239695153195026,0.0497848199972932,1.67828528384368,2.58069531520208,0.224865786424145,0.41173672234076
0.375587701797485,-0.434037983417511,0.0732625773976266,0.0895801959717459,0.246486817548672,0.52659472823143,-0.608206303258431,-0.278523678586958
2.07672238349915,0.314015090465546,0.260813828245319,0.0538949329134257,1.63858917454878,2.63428391416868,0.214470080184739,0.420662579931695
0.278327018022537,-0.565635561943054,0.0597946134089242,0.0950156206147604,0.174236423149705,0.403970946371555,-0.758861128833496,-0.393649877971438
2.06920695304871,0.312462568283081,0.259303449045708,0.0536916698228702,1.64293122986952,2.64008564154307,0.215619384369754,0.42161801513087
0.633048832416534,-0.232710883021355,0.237543864654093,0.181259997273017,0.22142984457314,1.12853683729967,-0.654764239942563,0.0525156758772541
1.31355142593384,0.107972130179405,0.285389882882211,0.0965840560268847,0.80680841555198,1.91895141998927,-0.0932296417616559,0.283063843544112
0.499785453081131,-0.305850207805634,0.0731793929167718,0.063522113448693,0.379782141496738,0.649750767151515,-0.420465460988776,-0.187253201058004
1.8786985874176,0.270566672086716,0.233627015874094,0.0532789064336617,1.49325599471728,2.37977687716484,0.174134266503802,0.376536239362855
0.450746178627014,-0.381078690290451,0.170372376721926,0.184104776368558,0.153073310479522,0.812049617866675,-0.815102881286433,-0.0904174354311281
1.65083765983582,0.214562371373177,0.200052731610669,0.0521359351883737,1.32117476165295,2.06806856195132,0.120960257615905,0.315564901121855
0.172888308763504,-0.791354417800903,0.06020244954629,0.166107242212068,0.0684677546843886,0.301864158113798,-1.16451397923046,-0.5201885405746
0.231426641345024,-0.66873562335968,0.0855049442055902,0.178887035554101,0.0829710838074485,0.4130302409331,-1.08107333977073,-0.384018150008083
0.321904569864273,-0.50063955783844,0.0573157328574739,0.0952143008876877,0.227975720539689,0.434216948101918,-0.642111404029202,-0.362293270701638
0.198035150766373,-0.733980238437653,0.0700902206928658,0.172458865324988,0.0744877781098088,0.349860263615847,-1.12791499628564,-0.456105543770607
1.44953048229218,0.157580330967903,0.189296982513662,0.056162721255476,1.13426070113977,1.84945970972379,0.0547128800172734,0.267044874288947
0.312410145998001,-0.516519546508789,0.070366312336215,0.0999415040290597,0.188377368822694,0.459308649102847,-0.72497127346403,-0.337895377378225
1.30955445766449,0.110593795776367,0.226636356614692,0.0756698595936883,0.906416998803616,1.78616533676783,-0.0426719886489969,0.251921656283409
0.829338788986206,-0.0851163640618324,0.110771561482774,0.0578268447361651,0.642759304742018,1.05708852211634,-0.191951631574758,0.0241113556619529
1.02950859069824,0.00469978386536241,0.19521050651125,0.0837174654332025,0.676616119841735,1.44375979999701,-0.169657712602996,0.159494937996955
0.238865375518799,-0.635726749897003,0.0593365063712228,0.111670444622409,0.135034434621533,0.360753110299508,-0.869555622953887,-0.44278994004054
0.0789480209350586,-1.15591812133789,0.0380489264288637,0.224703172089397,0.0220112971651057,0.166279285897811,-1.65735436486034,-0.779161860559564
1.31878852844238,0.116523414850235,0.171636887901645,0.0563054299267893,1.02515269120534,1.66248330374559,0.0107885531417852,0.220757291275472
0.522087037563324,-0.288995206356049,0.0913125919547848,0.07710851469304,0.360084374000629,0.711250840624174,-0.443595730946158,-0.147977207319868
1.09473168849945,0.0354033298790455,0.147548611579103,0.0581848239768623,0.845143832763036,1.40898235638936,-0.0730693755272354,0.14890553627271
1.7235312461853,0.233023434877396,0.217965652758288,0.0540846933479096,1.37059827844302,2.18934720953306,0.136910181980742,0.340314641584021
0.479846000671387,-0.327923595905304,0.0963766618407858,0.0896825017184274,0.301839961359898,0.67526106039683,-0.52022338065804,-0.170528293656288
0.45937168598175,-0.352276772260666,0.114530738677201,0.115349526172598,0.248382449522614,0.697419027487437,-0.604879094517823,-0.15650620813311
0.926352560520172,-0.0375971347093582,0.132187917406582,0.0616046222278848,0.701351670424143,1.20172817011674,-0.154064179744039,0.0798062347398643
0.216348901391029,-0.680228471755981,0.0561774177131207,0.11819853161688,0.115086334819595,0.333670294036468,-0.938976272494973,-0.476682475575242
0.803631126880646,-0.100929148495197,0.133335255786577,0.0723627153495458,0.568510055045287,1.09285955230395,-0.245261861846818,0.0385643519159176
0.575135231018066,-0.248338058590889,0.110504803554203,0.0845441240283642,0.376384462912877,0.809325354297956,-0.424368324187077,-0.0918768584594812
1.08663332462311,0.0321129262447357,0.147528550771154,0.0587173648083869,0.833247123658657,1.39930550058683,-0.0792261809889781,0.145912541316272
0.186148837208748,-0.760255813598633,0.0661387983126668,0.169050299817719,0.0723491755003731,0.328817894806465,-1.14056642255756,-0.483044632759983
0.889479577541351,-0.0553520396351814,0.128493044124561,0.0624249406206216,0.669210521876812,1.16565941472848,-0.174437243845604,0.0665716743846852
0.404621958732605,-0.399267226457596,0.0692262688884443,0.0741608921202388,0.286180397868156,0.551808947821458,-0.54336011874993,-0.25821126247616
0.547449111938477,-0.267031610012054,0.0862028052733941,0.0684894924229694,0.400218266248703,0.726949312289556,-0.397703155246174,-0.138496006720449
1.64108490943909,0.206664964556694,0.325132953976959,0.0860691416943763,1.07833420336246,2.35753046274185,0.0327529651953645,0.372457312205916
0.554089665412903,-0.265995591878891,0.114798371601072,0.0923992440770757,0.343768736720085,0.790637708206972,-0.463733679727788,-0.102022524068163
0.396448820829391,-0.407394498586655,0.0634288975680193,0.0699093073467094,0.28805109411478,0.525054067373276,-0.540530481622922,-0.279795984951064
0.318222194910049,-0.512339353561401,0.0823593814596913,0.116533816607775,0.17622246046861,0.498028914133708,-0.753938771059507,-0.302745454374995
0.636245429515839,-0.200577735900879,0.0886529446447245,0.0604703250083537,0.486794912070036,0.816670948763689,-0.31265398811806,-0.0879528948027961
1.91624712944031,0.279439479112625,0.227609738027849,0.0510206402844354,1.53837321798007,2.38917076388995,0.187061699450448,0.378247189690613
0.738510429859161,-0.137537896633148,0.121422713045992,0.0718605214805328,0.524288227160772,0.992284253239632,-0.280429918011087,-0.00336390782958423
0.191627651453018,-0.741595029830933,0.0610643584011069,0.150231642725514,0.0835537640998761,0.322400928537051,-1.07803402738378,-0.491603717935681
0.321802914142609,-0.500968515872955,0.0636368525026384,0.0867691036684893,0.210193052887917,0.453166449069977,-0.677381641981904,-0.343742251331163
0.686762630939484,-0.167537704110146,0.0976510284935253,0.0614058434161104,0.523257097601891,0.889154314994812,-0.281285039185944,-0.0510228595755681
0.298595041036606,-0.534917652606964,0.0631862051717472,0.0944033545725942,0.186470027516286,0.427536278963089,-0.729390965273545,-0.369027041376827
0.287801861763,-0.549081802368164,0.0556477200627756,0.0847467484968696,0.190557840963205,0.403224667906761,-0.719973176428791,-0.394452913032597
2.1531023979187,0.32832470536232,0.320044486801757,0.0641433902938913,1.60106138984362,2.83973138729731,0.204407960939011,0.45327723554327
0.822712004184723,-0.0911052525043488,0.140874383256962,0.0745058342346138,0.580800678332647,1.12384714384874,-0.235972885422692,0.050707105763091
0.608519971370697,-0.221461594104767,0.098725044448615,0.0708724119953925,0.433742292722066,0.816525759299596,-0.362768283556563,-0.0880301307099951
2.05530476570129,0.309672027826309,0.252173024699247,0.0525859913000405,1.63285839656989,2.58812761306763,0.212948396486888,0.412985686326155
0.351968288421631,-0.461855322122574,0.0683334130987181,0.0860694095046206,0.232166442026695,0.493386532862981,-0.634200580054364,-0.306812708993148
1.61344242095947,0.20454666018486,0.197694915638427,0.0526310362959932,1.28237430950006,2.0330721060435,0.108014791867998,0.308152773775353
0.608503818511963,-0.230067938566208,0.151832977542825,0.1143490883198,0.335392997910579,0.919936117033164,-0.474446020373875,-0.0362423307744879
0.525573432445526,-0.288873642683029,0.109081035052799,0.0917669054578903,0.333686126023531,0.754167019824187,-0.476661853659385,-0.122532467255706
1.09238874912262,0.0341150686144829,0.153701805706282,0.0608436995795315,0.828090311090152,1.41693427960078,-0.0819223240824887,0.151349609010704
1.01284193992615,0.00199025380425155,0.130213123869191,0.0554838882695922,0.792839542527993,1.29003382523855,-0.100814699946212,0.110601096931821
0.363462030887604,-0.454912066459656,0.0939009414940116,0.118343697507357,0.190157067154845,0.556952112913132,-0.720887529755177,-0.254182304568082
0.160315975546837,-0.822460651397705,0.053996286147776,0.161796158080306,0.0647616804887851,0.272348733494679,-1.18868230173544,-0.564874896883731
0.493055522441864,-0.313639640808105,0.0851169556767325,0.0758095185901624,0.347142180800438,0.671999201178551,-0.459492699735973,-0.172631243675515
0.15999211370945,-0.830035865306854,0.0606840813251622,0.180394265050166,0.0578224302579959,0.292287999143203,-1.23790365942969,-0.534189016215684
0.705312669277191,-0.157605811953545,0.11670429426193,0.072481364972169,0.493196993569533,0.951470571259658,-0.306979656564856,-0.021604639785994
0.262522339820862,-0.60305517911911,0.0806314003930428,0.144109122392619,0.118479878393312,0.436517300456762,-0.926355422647532,-0.359998547105386
0.295121103525162,-0.546763777732849,0.0794463531642807,0.124175860390093,0.150829701994856,0.461774123211702,-0.82151736295788,-0.335570407652603
0.507007718086243,-0.302285701036453,0.09259895681849,0.0801117204347344,0.344643384218216,0.70187866439422,-0.462630053815955,-0.153737965475833
1.20640194416046,0.0748963207006454,0.210504529017432,0.0759231498536252,0.837643321851889,1.66110469996929,-0.076940884451643,0.220396960916299
0.512713015079498,-0.302596688270569,0.12015961851277,0.106059117514467,0.292262632151445,0.765879828234514,-0.534226713771928,-0.115839502834041
0.304069519042969,-0.529749393463135,0.0719958437520529,0.107122785172551,0.173789565265179,0.453406228125095,-0.759976303524338,-0.34351252633366
0.601697325706482,-0.228120088577271,0.111375468209489,0.081229013818404,0.40194116110603,0.837658069531123,-0.395837518334153,-0.076933223401827
0.29968935251236,-0.534199476242065,0.0657616067675234,0.0988096502624237,0.179928015793363,0.431961552550396,-0.744901250507304,-0.364554975799922
0.601788580417633,-0.224146783351898,0.0776789748159044,0.0558313858161994,0.480599506447713,0.757151158650716,-0.318216680700303,-0.12081741015712
0.145945087075233,-0.877497255802155,0.0603538539753912,0.201266285121899,0.0448335121696194,0.278969660152992,-1.34839778787152,-0.554443036948096
0.753387749195099,-0.129669547080994,0.131694088671451,0.0766717057730558,0.521647333602111,1.03043485184511,-0.282623088698399,0.013020538800752
0.659374535083771,-0.185121640563011,0.0925942648327123,0.0607815949674148,0.501724157234033,0.850573664406935,-0.299534988018611,-0.0702880682411603
0.602035105228424,-0.226168975234032,0.0979322776330173,0.0713231188280176,0.430829933285713,0.808498650789261,-0.365694201756436,-0.092320700578673
0.293603301048279,-0.545741021633148,0.0718057958822212,0.110225276084865,0.165825950726867,0.445161032428344,-0.780347834251869,-0.351482859041465
0.25883948802948,-0.601842224597931,0.0658993588774917,0.116471383414808,0.140013490865628,0.394840977340937,-0.853830118312417,-0.403577816631565
0.803688824176788,-0.0991911515593529,0.113388245302271,0.0609218728678689,0.611754975716273,1.03900610307852,-0.213422503769596,0.01661809788211
0.818781197071075,-0.0910284891724586,0.114097131736475,0.0604075301167178,0.621040336290995,1.0555273125569,-0.206880221218507,0.0234694754535459
0.916488885879517,-0.0421786420047283,0.12954023542863,0.0611686752933111,0.697178916633129,1.18516530295213,-0.156655782448103,0.0737789152582231
0.386585384607315,-0.421494781970978,0.0769179982892463,0.0879186188303489,0.24948017137746,0.546336305638155,-0.602964011709333,-0.26253998993765
0.399463713169098,-0.410176575183868,0.0910917450862515,0.102239798759211,0.238923399647077,0.593966285387675,-0.621741314343673,-0.226238312276223
0.574606418609619,-0.24845752120018,0.108329669515234,0.0831411524904491,0.382337512572606,0.801733741164208,-0.417553090430014,-0.0959698627996838
0.228295728564262,-0.668060541152954,0.0762746466070286,0.158085031348917,0.0927002128213644,0.38999966258804,-1.03292469403308,-0.408935769456853
1.12052249908447,0.046382661908865,0.133517044477244,0.0512442231157083,0.904315799474716,1.39785780310631,-0.0436798841092979,0.145462991691552
0.327101469039917,-0.500253438949585,0.0823382440342216,0.118028275048828,0.178028904025753,0.491714293261369,-0.749509542261193,-0.308287167828991
0.751146852970123,-0.127959907054901,0.0980655010358632,0.0566075841130538,0.58758785823981,0.947581845521927,-0.230927186943937,-0.0233832938971245
0.594594895839691,-0.23434080183506,0.117222947481544,0.0869594412649141,0.385117515424887,0.842324368158976,-0.414406736263455,-0.0745206536312358
2.0564489364624,0.309837818145752,0.255247972614856,0.0531921430490375,1.6412270228068,2.58420817454656,0.215168656792261,0.41232747975911
0.30693918466568,-0.529726684093475,0.0821074404429613,0.124564253252097,0.154852025707563,0.479374278088411,-0.810083702055401,-0.3193252741332
1.53375899791718,0.180860430002213,0.23190525082526,0.0652170355246564,1.12341128587723,2.01860692302386,0.0505387577744174,0.305051749987759
0.487324804067612,-0.318264842033386,0.0812167076530688,0.0730792490214307,0.343094581862291,0.655284013350805,-0.464586172108234,-0.183570446924806
0.641625940799713,-0.198110163211823,0.10109225402474,0.0686545402859179,0.464317906151215,0.852913439273834,-0.333184571866635,-0.0690950424860828
0.533354580402374,-0.285163760185242,0.123708260672553,0.10480651637759,0.311520174145699,0.793515518804391,-0.506513823896394,-0.100444577136043
1.15219962596893,0.0582250505685806,0.143113183976801,0.0534505819528643,0.915163263678551,1.45015730758508,-0.0385014219851417,0.161415115235418
2.45794034004211,0.387148857116699,0.312726010609289,0.0542656345510214,1.94197492500146,3.13839586377144,0.288243508703694,0.49670772083918
0.512168645858765,-0.298308461904526,0.0952684153945418,0.0828703162286962,0.340769619246324,0.707044816017151,-0.467539228541428,-0.150553084519716
0.175979450345039,-0.779185593128204,0.057004589551167,0.151776056899056,0.0766856358697017,0.29751121600469,-1.11528598892868,-0.526497200704818
0.159415006637573,-0.844705641269684,0.0695541768636408,0.215647788156646,0.0445154002867639,0.316230100890001,-1.35148974242395,-0.499998643895263
0.30170351266861,-0.526997923851013,0.0527742133835314,0.0756124469687209,0.214764090751608,0.409747004508972,-0.668038341668705,-0.387484212693349
2.45916342735291,0.38734433054924,0.313457999467112,0.054476883749163,1.9452348301808,3.12206900517146,0.288972034160119,0.494442482100787
0.295256972312927,-0.549809515476227,0.0862764776877844,0.136451637368287,0.141192456459006,0.479479901492596,-0.85018860710415,-0.31922959328551
0.232539087533951,-0.672869384288788,0.0932371296847275,0.195929962694644,0.0754943028092384,0.43861124192675,-1.12208710897918,-0.357920254633362
0.67809534072876,-0.174344033002853,0.108854870778716,0.0703149040129089,0.483837776382764,0.90349949747324,-0.315300226727408,-0.0440720849502257
0.471399903297424,-0.331241101026535,0.0691309908711918,0.0634076992046026,0.354720744242271,0.616570603847504,-0.45011341319672,-0.210017185135767
0.162143290042877,-0.831232786178589,0.0661040716645215,0.201011074947214,0.0488185622729361,0.308876637369395,-1.31141621687383,-0.510215051556916
0.439260303974152,-0.366734534502029,0.0906659629750789,0.0916237161765638,0.278095113237699,0.625726109743118,-0.555806645007323,-0.203615724835079
1.75431370735168,0.241012036800385,0.211766785102751,0.0516305587186911,1.41262767910957,2.20125650962194,0.15002771119777,0.342670595492049
0.145307347178459,-0.879008591175079,0.0594822200984034,0.20070830886757,0.0466636991749207,0.275564039001862,-1.33102222563774,-0.559777466159195
0.371497243642807,-0.442821085453033,0.0883165898523409,0.107276779499188,0.212033711870511,0.550325274467469,-0.673595093154021,-0.259380614063083
0.213766559958458,-0.691200733184814,0.0636867564310499,0.141200754582014,0.0997764907777309,0.349783255408208,-1.00097178965199,-0.456200985258298
0.929603636264801,-0.0364669598639011,0.138125161261486,0.0643969095604871,0.688612167040507,1.22328469455242,-0.162025318588317,0.0875275402202722
0.349543511867523,-0.469173043966293,0.0830219200712096,0.106653434382341,0.20109542409579,0.526152069866657,-0.696597822515534,-0.27888871684595
0.514877319335938,-0.29311814904213,0.0769072153657841,0.0647831580572959,0.382816895097494,0.673701340456804,-0.417008953629748,-0.171532593743987
1.32651460170746,0.116171032190323,0.230591119187476,0.0756139373175388,0.92821299781402,1.81740375558535,-0.0323523704316786,0.259451379747499
0.681070685386658,-0.173364043235779,0.117744900360149,0.0759375924582762,0.475585094342629,0.923049826920033,-0.32277177779069,-0.0347749213989011
2.11417031288147,0.321794331073761,0.264971996303233,0.0537299101005585,1.67504182557265,2.68099515636762,0.224025648051582,0.428296027364167
0.570846319198608,-0.247920945286751,0.0820349255374171,0.0620548762680356,0.43452838609616,0.742009183764458,-0.361981847540006,-0.129590722943545
0.470496475696564,-0.335638880729675,0.0901640851518487,0.0855385095825986,0.310590879370769,0.659022243817647,-0.507811317335559,-0.181099928854748
0.633455216884613,-0.205695256590843,0.11639394695116,0.080799430474417,0.428056987871726,0.884238374729951,-0.368498477352823,-0.0534306557824429
0.598143756389618,-0.227577805519104,0.0853208776961239,0.0617150792255566,0.453100570042928,0.779030025005341,-0.343805393811476,-0.108445803633147
0.37039190530777,-0.43927401304245,0.0697031739221285,0.0842869542058251,0.248351635163029,0.513895387450854,-0.604932977097848,-0.289125281046287
0.116793870925903,-0.96852833032608,0.0449294778360945,0.185967811149416,0.0415417346172035,0.211206743121147,-1.3815153769806,-0.675292220546059
0.272910296916962,-0.575969457626343,0.0631673949818711,0.103590146716988,0.160019869481524,0.406403977672259,-0.795826276979937,-0.391042052059921
0.666055619716644,-0.179775044322014,0.0824807516089107,0.0532862169993381,0.535429022212823,0.833972728749116,-0.271298092279304,-0.0788481654823388
1.25081968307495,0.0934920012950897,0.165037589659129,0.0565152568967304,0.980918731292089,1.60641222794851,-0.00836699363838516,0.205857001278682
0.414874076843262,-0.399334043264389,0.112837534930876,0.12618047637674,0.207416259869933,0.648859066267809,-0.683157852000086,-0.187849654348194
0.695760786533356,-0.164809897542,0.127097685744757,0.0798395866504873,0.474153327693542,0.964095605909825,-0.324081220274218,-0.0158799453748406
0.57469642162323,-0.24802577495575,0.105823084991004,0.0811282823424663,0.385232115785281,0.793980380396049,-0.414277536584124,-0.100190278772165
0.249909788370132,-0.623988330364227,0.07516099716548,0.143556134223136,0.109444173549612,0.409336940447489,-0.960807819296944,-0.387919061045094
2.12946844100952,0.324526607990265,0.282853535578241,0.0568252751747887,1.65800893505414,2.73463054100672,0.219586862015758,0.436898656314258
0.0783172100782394,-1.15948617458344,0.0385257969316299,0.223512675570215,0.0231356158386916,0.167588667819897,-1.63571902396065,-0.775755465365547
1.0203869342804,0.00282107945531607,0.168626987028822,0.0721349824049969,0.718512013057868,1.37636429568132,-0.143565992780012,0.138733310503186
0.48663741350174,-0.318083792924881,0.0760914396203551,0.0678960493574386,0.356930876274904,0.646561061342558,-0.447415894307631,-0.189390494278948
0.305850356817245,-0.527502954006195,0.0734571227783347,0.108301368415968,0.176074936116735,0.462019285808007,-0.754302460970774,-0.335339907530701
0.496342539787292,-0.311536759138107,0.0908031960221863,0.0801624313698238,0.338476234426101,0.684687585135301,-0.470471844759358,-0.164507557628984
1.57967221736908,0.193315327167511,0.246443348778655,0.0676398970683074,1.14999511837959,2.11295166611671,0.0606959965233432,0.324889562292305
0.803214073181152,-0.0996363684535027,0.115471946577856,0.0623500168042009,0.605712810655435,1.04102166791757,-0.217733366946209,0.0174597654902384
0.538581430912018,-0.280106604099274,0.121212654802338,0.100869348928159,0.317756045113007,0.800701901813348,-0.497906396949459,-0.0965291558831357
0.780309855937958,-0.110809154808521,0.0935199467975729,0.0515663817418429,0.634738547106584,0.970173500974973,-0.197405138596794,-0.0131505917845456
0.516765117645264,-0.292957037687302,0.0872476476766197,0.0741807030733323,0.366467535992463,0.704863369464874,-0.435964563004176,-0.151895058381812
2.01006269454956,0.299281239509583,0.273567877068423,0.0581872468770255,1.56015425026417,2.5988963842392,0.193167538483575,0.414788950393829
0.184201374650002,-0.766747355461121,0.0673467498142144,0.174650262572689,0.067000910329322,0.328089168667794,-1.17391932127467,-0.48400836125457
0.915671169757843,-0.0417853184044361,0.117464243433524,0.0552278606257103,0.721068971355756,1.161754155159,-0.142023233219595,0.0651142114006549
1.35925161838531,0.129744008183479,0.17494709990711,0.0555043501683498,1.06881811420123,1.72151851952076,0.0289037989404065,0.235911698577042
1.9703426361084,0.288112193346024,0.356281755102901,0.0740396415216455,1.39043372869492,2.69238993525505,0.143150292242675,0.430137949519052
0.80180698633194,-0.0987939611077309,0.0928081347180693,0.0497213208207043,0.659108128150304,0.985504645605882,-0.181043333030282,-0.00634135435706384
0.551739573478699,-0.262955605983734,0.081205962241077,0.0639224822151438,0.415373920152585,0.720693741738797,-0.381560776388263,-0.142249340073455
0.511086106300354,-0.296480774879456,0.0776078362392041,0.0657598435622021,0.377434022724628,0.671154702206453,-0.42315897060541,-0.173177366561106
0.999979674816132,-0.00692732306197286,0.177631683865455,0.0780087619565166,0.683787648379803,1.3680733213822,-0.165078754565643,0.136109372156316
1.92254996299744,0.280551552772522,0.240588570599115,0.0535434082578445,1.53364448944728,2.44859496752421,0.185724696088196,0.388916952073054
0.882190525531769,-0.0637065917253494,0.180501638033216,0.0906561680750327,0.554465395708879,1.26721529265245,-0.256125799151201,0.102850402820264
0.419786334037781,-0.384501039981842,0.0776839502483418,0.0814346462007361,0.279614896327257,0.582250859340032,-0.553439732480326,-0.234889958030455
0.629953682422638,-0.205717384815216,0.0952154844213597,0.0665391965602498,0.46672001183033,0.822910959521929,-0.330943578991937,-0.0846471537140758
0.410896927118301,-0.395009964704514,0.0818027908322815,0.0878976977999295,0.266087592889865,0.581944328546525,-0.574975375747705,-0.235118764100595
0.776919424533844,-0.116873666644096,0.141214321354465,0.0799069610600616,0.525691504776478,1.07833827137947,-0.279269409625675,0.0327550024537426
1.69373345375061,0.224160626530647,0.250093546889095,0.0637865238128363,1.26369252900283,2.2219380915165,0.101641416600201,0.34673194249273
