PHI,log10.PHI,Std.Dev,log10.Std.Dev,0.025,0.975,log10.0.025,log10.0.975
1.37797069549561,0.136883735656738,0.145422981162909,0.0450918103555668,1.12080562015375,1.67586176296075,0.0495302947661862,0.224238182826899
1.40394723415375,0.144965216517448,0.144380129603296,0.0463311816585391,1.13941859106223,1.69013294378916,0.056683291133837,0.227920866141464
1.07239818572998,0.0256961975246668,0.155609720381978,0.0641320242383157,0.778001683950424,1.37890483836333,-0.109019471098914,0.139534295407926
1.74410569667816,0.239414379000664,0.185371295774907,0.0422713955520171,1.45561900436878,2.07266849080722,0.163047703680343,0.316529823229987
1.22066283226013,0.0799135789275169,0.21433590775829,0.0765733257493245,0.830587742726008,1.66922417382399,-0.0806144822159589,0.222514643512209
1.18453776836395,0.069492481648922,0.160873481832246,0.0597242707030484,0.884243926405907,1.5088109433651,-0.0534279171039218,0.178634806520706
0.986247658729553,-0.0132033992558718,0.176209151475227,0.0802726302373164,0.645735322435697,1.34186024268468,-0.18994548534497,0.127707233596256
0.71185976266861,-0.165356650948524,0.224694119927583,0.123029340524029,0.386129384487867,1.14137408634027,-0.413267268557483,0.0574278341934027
1.58474826812744,0.195929050445557,0.274843944898648,0.0545622037407609,1.27929588357608,1.91791500548522,0.106970999212948,0.282829353596846
0.870159268379211,-0.0626794546842575,0.0883629768726882,0.0447621902218281,0.702293733259042,1.04279006123543,-0.15348121030608,0.0181968828394353
0.92841511964798,-0.0381430201232433,0.184813878651864,0.0679947666273847,0.679944280783335,1.18433514237404,-0.167526674892676,0.0734745773783459
1.11103820800781,0.0433917008340359,0.113247233249118,0.0456903896357295,0.896225129067898,1.34105532169342,-0.047582883181248,0.127446688687994
1.4022136926651,0.143191173672676,0.179986797765849,0.0564578453260765,1.06205532948176,1.77897341648738,0.0261471166099263,0.250169442455978
1.2505030632019,0.0917032659053802,0.195063117079781,0.0689129114337048,0.88924927264452,1.64265572726727,-0.0509765176264017,0.21554654714869
0.898569822311401,-0.0518025197088718,0.136978257349088,0.0697009792998113,0.633896028995514,1.16556955774625,-0.197982189926313,0.0665381909840371
0.810495913028717,-0.104530677199364,0.204271811339161,0.10842767527346,0.468945666899284,1.22958535750707,-0.328877479570604,0.0897586819688512
0.954543232917786,-0.0250629875808954,0.139334058019027,0.0661028318444457,0.684860726694266,1.22035779555639,-0.164397760183525,0.0864870421260883
0.870394825935364,-0.0676190331578255,0.152784449815159,0.0828303740663267,0.576340307792028,1.16691763599714,-0.239321006830358,0.0670401568679679
1.09189331531525,0.0304018929600716,0.220852548097688,0.0813417951205708,0.733178023993969,1.50275314350923,-0.134790565384881,0.176887592234738
0.773171603679657,-0.117747485637665,0.121465205553776,0.0757335252023552,0.543972998360793,1.00371382633845,-0.264422773073809,0.00160990315638244
1.11737358570099,0.0454599261283875,0.121578312246288,0.0500576360441972,0.893300276001294,1.35374969542027,-0.0490025499202731,0.131538371529865
0.69185882806778,-0.170225292444229,0.147576570962102,0.0959774775416809,0.420451181878646,0.995305826266607,-0.376284659799859,-0.00204345438872509
1.26592826843262,0.0938060209155083,0.253947709440013,0.0868386868656383,0.807178025941054,1.78032947083314,-0.0930306708937019,0.250500363623396
0.960844039916992,-0.023624224588275,0.162633634143804,0.0746182057012952,0.664927811920643,1.27392403284709,-0.177225505724747,0.105143526145742
0.967620432376862,-0.0189469177275896,0.137990040913004,0.0647944170796351,0.703981433312098,1.24717911680539,-0.152438811812365,0.0959287982168553
1.05552160739899,0.0203848816454411,0.119075421172848,0.0539059739174891,0.827887492875258,1.27912380894025,-0.0820286857323841,0.106912579476137
0.825407743453979,-0.090117409825325,0.139558863422474,0.0794595312716645,0.557094704608122,1.09839514990648,-0.254070970029834,0.0407586025474289
1.0693610906601,0.0266128256917,0.114278408378736,0.0469535254343955,0.852353060742219,1.29869744777679,-0.0693804772644338,0.113507984865759
0.659013569355011,-0.188046395778656,0.112367086075898,0.0805093534350824,0.446264448265235,0.878194140891234,-0.350407734444682,-0.0564094662381393
1.33914244174957,0.124111816287041,0.15099982320581,0.0485306115968182,1.06063681443532,1.64084893961748,0.0255666912281902,0.215068553491808
0.4971042573452,-0.313491851091385,0.101129447664442,0.096715511081368,0.307126139601072,0.694855532050133,-0.512683268970048,-0.158105549762244
0.686416327953339,-0.170623406767845,0.11078178044476,0.0873072229140964,0.472655938814084,0.887367178499699,-0.325455244906191,-0.0518966474322414
0.844743251800537,-0.0801985636353493,0.148020912651812,0.0786548913098361,0.561460967858632,1.14343077242374,-0.250680458807246,0.058209841114178
1.25857579708099,0.098937138915062,0.0894022907509103,0.0277419063674859,1.13093547821045,1.39715833961964,0.0534378278431327,0.145245615409415
0.598196268081665,-0.234701335430145,0.13506476056521,0.101968453705556,0.354205400496721,0.876122601826986,-0.450744861842808,-0.0574352770521665
0.918854773044586,-0.0413106754422188,0.124766724443697,0.0660182331630877,0.673045874138673,1.14582351545493,-0.171955393727709,0.0591177219363677
1.19530951976776,0.073938213288784,0.140499907062541,0.0597795267704226,0.938049084444841,1.46751883327961,-0.0277744436063045,0.166583678451373
0.884820103645325,-0.0610730350017548,0.154801503229805,0.0898156122014847,0.602615948518117,1.17515923976898,-0.219959379425494,0.0700967175583053
0.861206233501434,-0.086055114865303,0.289842776787864,0.13588853535181,0.43466777279973,1.44003589351972,-0.361842576352802,0.158373317194431
1.01148772239685,0.000246756128035486,0.139997526151224,0.0674370119246886,0.75310259660085,1.2827860703071,-0.123145873198776,0.108154233967659
1.18455076217651,0.0717106908559799,0.106836980783226,0.0406909192321524,0.980561130742232,1.39153389831384,-0.00852532615376592,0.143493766552993
0.730214416980743,-0.146651744842529,0.165156869769851,0.0937869227736056,0.452594277262688,1.03102055688699,-0.344291102819328,0.0132673245013298
0.694885432720184,-0.165520668029785,0.12447658866011,0.0821862176153269,0.445849161843459,0.937866713603338,-0.350812095113403,-0.0278588780344674
0.903962671756744,-0.0521343201398849,0.167125899339209,0.0889316105246349,0.5870603804787,1.23806205391884,-0.231317757031973,0.0927424049829406
0.601819396018982,-0.228937476873398,0.115545866119076,0.0870112614988906,0.380021759619315,0.832961670060953,-0.420191537356723,-0.0793749860239079
0.857219040393829,-0.0745437815785408,0.158799384134744,0.0823390499344382,0.562859560549259,1.18290002644062,-0.249599956693714,0.0729480390884686
0.911058902740479,-0.0465767681598663,0.162257402695678,0.0719671788195278,0.642950401206811,1.19974228938421,-0.191822529905334,0.079087938495871
1.22178101539612,0.0847522988915443,0.122361389261218,0.0446682018262272,0.990736972292264,1.46531878610452,-0.00404163349316354,0.165932107471721
0.437227725982666,-0.38201168179512,0.24473759716879,0.127771775139514,0.237125441431999,0.672174895306429,-0.625021847621244,-0.17251785387981
1.35050976276398,0.129476875066757,0.0939770670655355,0.0296270422295702,1.1796626418829,1.53765467902025,0.0717578261888817,0.186858813508541
0.701224088668823,-0.168174743652344,0.16918400346971,0.116782031344004,0.395766018827756,1.04320220649242,-0.402563283940847,0.0183684877850181
1.01575648784637,-0.00713387364521623,0.252777024079924,0.11191145842287,0.565925320486228,1.54320224821568,-0.247241110664296,0.188422756279572
1.17825675010681,0.0615292005240917,0.250154596450745,0.0924793450791796,0.729234561820825,1.68375088473161,-0.137132799670584,0.226277806308729
1.06860816478729,0.0241820700466633,0.154074804837956,0.0641174679537729,0.773001219332218,1.37842069367568,-0.111819838379755,0.139381781395396
1.17535328865051,0.0657369047403336,0.176485156952104,0.0613136840935886,0.878792782127857,1.49474050899347,-0.0561135205292219,0.174565800704721
0.704566121101379,-0.156791105866432,0.0989663132369665,0.0662210912430099,0.508615225553513,0.89137858748436,-0.29361067086958,-0.0499378058589137
0.551567256450653,-0.269847840070724,0.122544272600533,0.1022581339308,0.315084944168727,0.802100984255473,-0.501572362100748,-0.0957709510436161
0.690733313560486,-0.17416886985302,0.169749830558395,0.110314768168119,0.392224364479383,1.03431439598401,-0.406465432128513,0.0146525655464207
1.42177152633667,0.150889709591866,0.136890392189189,0.0408301402654679,1.17727704842885,1.68936128715674,0.0708786715365319,0.227722536793146
1.23333609104156,0.0887604355812073,0.12038357589032,0.0469882337511441,1.00890257358551,1.46136586368084,0.00384920512546458,0.164758955965587
1.13239312171936,0.0499078631401062,0.149940138037922,0.0613373162586303,0.856927832961082,1.4227354178826,-0.0670557634753072,0.153124141473237
0.690303862094879,-0.167949989438057,0.11339955893398,0.0832857471686819,0.473327063520749,0.900136841336886,-0.324840925574465,-0.0456914629872119
0.646978318691254,-0.200078681111336,0.14047026730992,0.100488509056493,0.388341571390629,0.93227323293686,-0.410786127952354,-0.0304568581444637
1.11747753620148,0.0456617064774036,0.118945861527001,0.0481713373177087,0.895608314375083,1.3530528952678,-0.0478818875241606,0.131314766190345
1.26819837093353,0.101951248943806,0.0933891843346714,0.033422030723752,1.09945608476798,1.44672215084235,0.0411778779077395,0.160385099171849
0.955213189125061,-0.0223291572183371,0.100911165565148,0.0461956884121128,0.7680572544535,1.14718216856321,-0.114606404748544,0.0596323848574566
0.956318438053131,-0.0230737216770649,0.111581505657863,0.0623317835223692,0.752124153077602,1.15760057767232,-0.123710572513645,0.0635587336002481
1.32834446430206,0.121079117059708,0.128427476132121,0.0457715655033735,1.0851502597332,1.57888132135073,0.0354898426748196,0.198349486911576
1.14395368099213,0.0534494370222092,0.171634500391664,0.0660984570662298,0.826043307781219,1.50169855455558,-0.0829971956468268,0.176582724268029
0.963618576526642,-0.0194667149335146,0.116611319921212,0.0552754177709296,0.736017668743928,1.1879181732734,-0.133111796239077,0.0747865076573727
1.12272083759308,0.0423841960728168,0.210873717802183,0.0838077845475463,0.725785910586516,1.56413633624713,-0.139191540546885,0.194274604976164
0.893770515918732,-0.0527898818254471,0.118214679154579,0.0602725953681742,0.661770603060722,1.12808652818203,-0.179292610075888,0.0523423803267338
0.803290903568268,-0.101388111710548,0.128543770383636,0.0771494304013641,0.555687633156776,1.05112315018972,-0.255169367030649,0.0216535939704246
1.58175075054169,0.194890856742859,0.220211764904077,0.0610597141451783,1.16168057918549,2.02580465277036,0.0650867289430357,0.30659755992407
1.08442759513855,0.0324191823601723,0.120911584241009,0.0497111770309967,0.855933279295762,1.32407887776693,-0.0675601024002591,0.121913857564091
1.50217914581299,0.174642816185951,0.148736533318733,0.0423524629793243,1.22938391168912,1.79261579612891,0.0896875201076511,0.25348721509871
0.911935925483704,-0.0436282232403755,0.107267472535328,0.0602911405190403,0.713962991038958,1.1151467949152,-0.14632441290902,0.0473320379900234
0.814834892749786,-0.0957625210285187,0.142078359867356,0.0780889099923578,0.541561770935853,1.09816670715809,-0.266352006085701,0.040668266690447
1.66439163684845,0.219615459442139,0.145667545280036,0.037695838561365,1.40413819551468,1.97058866719405,0.147409843013259,0.294595977543684
1.16957318782806,0.0663309395313263,0.101773515064505,0.0388264722563492,0.974187318980694,1.37222639818986,-0.0113575296043782,0.137425764028001
0.880939543247223,-0.0639150813221931,0.179864340298638,0.0883779710119512,0.556989269455274,1.2334849913915,-0.254153177685514,0.0911338332767656
0.623683512210846,-0.21580907702446,0.142681110760357,0.0972297127237483,0.376518359283606,0.880700608094535,-0.424217405454253,-0.0551723576333472
0.911680161952972,-0.0478292778134346,0.172915953156903,0.0819903112617553,0.599162676930428,1.25702351331711,-0.222455287384667,0.0993433798287291
0.605085551738739,-0.230330541729927,0.138999960530999,0.105637459570272,0.353957668940226,0.883714933693409,-0.451048711311782,-0.0536878078511362
1.12651681900024,0.0460581891238689,0.166433313792689,0.0757525068761747,0.820436024169127,1.45026822388172,-0.085955287570701,0.161448330027174
0.984222769737244,-0.0114035047590733,0.136348755048874,0.064304740924046,0.714047343035539,1.24476894636949,-0.146273274287024,0.0950887435280274
0.755333960056305,-0.132212445139885,0.150893855665987,0.102612795886458,0.473528210073709,1.05290942490101,-0.324654171620345,0.0223909603233522
0.318567395210266,-0.507843971252441,0.0707392655521689,0.099358148345598,0.195056995376945,0.465477485458056,-0.709838472939065,-0.332101324389552
0.8851278424263,-0.0565574765205383,0.11038825176304,0.0567751634912056,0.672871265808741,1.1004514147838,-0.172068108073693,0.0415708218477678
1.27228462696075,0.101249068975449,0.144030644810953,0.0583575953521188,1.02079617877801,1.54942618906498,0.00893903386410155,0.190170883864392
0.832889258861542,-0.0848587229847908,0.127013991510223,0.0709824566028752,0.590254164238771,1.09270192881425,-0.228960993255467,0.0385017043719205
1.29106962680817,0.109514430165291,0.103744299240791,0.0357163192990154,1.1025136590004,1.49403996864955,0.0423839778253729,0.174362215456825
0.949490010738373,-0.0267347656190395,0.130678735430924,0.0612027955984952,0.69525778144598,1.2116170634826,-0.157854160953994,0.0833653801876444
0.897646367549896,-0.0511318892240524,0.119126526201615,0.0632408129158042,0.673633813858032,1.12772969802221,-0.171576121226563,0.0522050151820083
0.500715434551239,-0.311006784439087,0.115382063508662,0.0963084143406983,0.303268593301376,0.714344801008702,-0.518172566799148,-0.146092168813737
0.836801767349243,-0.0822766795754433,0.116177313612546,0.070087945174565,0.619119802614053,1.05883624255657,-0.208225495330803,0.0248287976604381
1.43147873878479,0.155122324824333,0.0868043689514226,0.0230531204679814,1.32153215209643,1.55062025288741,0.121077733688158,0.190505452036667
1.34413039684296,0.126282230019569,0.133758680694741,0.0435646324286569,1.1027250935634,1.61269947588444,0.0424672566162256,0.207553444699855
0.987433791160583,-0.0132831083610654,0.183150629196523,0.0837312226409466,0.650740165511767,1.36582853893439,-0.186592387887621,0.135396164731296
1.15434217453003,0.0491562411189079,0.285468374856536,0.107998449357753,0.659534395734469,1.75397266646226,-0.180762578290324,0.244022820475373
1.2812248468399,0.105106018483639,0.139156368270985,0.0467414194385381,1.0222328821818,1.56162802775701,0.00954982166594192,0.193577594950095
0.903800785541534,-0.0473832525312901,0.102884858483222,0.059504319987076,0.710638970633348,1.0905760427316,-0.148351098571284,0.0376559513292481
1.03492653369904,0.00349209224805236,0.232361681540598,0.101439594214863,0.60758573760589,1.50971818665663,-0.216392504572306,0.17889586489598
0.989006161689758,-0.00815114472061396,0.121900081193391,0.054349422670287,0.757991368571917,1.22802670101325,-0.12033582568406,0.0892077572036526
0.72031182050705,-0.157686129212379,0.195788223739112,0.116199829468257,0.39637662867705,1.10730092724164,-0.401891961913244,0.0442656352880017
0.856725871562958,-0.0740000307559967,0.139689352804096,0.0825851788751656,0.591873555382093,1.11690714160601,-0.227771066458428,0.0480168935199633
0.472894251346588,-0.336290061473846,0.10517134502126,0.0995318821927389,0.280386872589588,0.690967315932115,-0.5522423234402,-0.160542499729807
0.780457973480225,-0.111894607543945,0.105515046025318,0.0621782773124341,0.57468568533659,0.980441634853681,-0.240569621501929,-0.00857825508900686
0.943221271038055,-0.0382730141282082,0.229661075862646,0.106983003566872,0.546045377850533,1.41551021238168,-0.262771309704078,0.150912936278306
0.683547914028168,-0.168308392167091,0.0721118747715982,0.0561725766591748,0.55112050374349,0.804606276750565,-0.258753444500709,-0.0944165863605597
0.553065299987793,-0.269195258617401,0.12701599325079,0.103979551123168,0.320514824986458,0.81808320383231,-0.494151932720183,-0.0872030682026764
1.02123188972473,0.00592251261696219,0.122216655747884,0.0532925348273282,0.780899776518345,1.25733547012011,-0.107404701459776,0.0994511608209609
1.31636559963226,0.115924753248692,0.164789276026334,0.0550823221907085,1.00147836208344,1.64953221678734,0.00064148531519839,0.217360801187259
0.638216376304626,-0.201759800314903,0.10688504985355,0.0793499960104849,0.43082840492328,0.848777677118778,-0.365695986125166,-0.0712060620186271
0.741313278675079,-0.138900622725487,0.146123371334235,0.0898034637769344,0.469381871819496,1.0342964241902,-0.328473688615745,0.0146450232083337
1.01069855690002,0.000434193236287683,0.135481219922225,0.0619845800262966,0.750335834920406,1.27231857081254,-0.124744333775859,0.104595846428346
1.08929252624512,0.0340643413364887,0.122888554036029,0.0539238632321136,0.862540789941947,1.320285876592,-0.0642203587365044,0.120667959142867
1.68073165416718,0.218480095267296,0.326835904363606,0.0765527957488265,1.17058358391126,2.28059192498525,0.0684024128960537,0.358047557427004
1.52554965019226,0.181575432419777,0.141901251574038,0.0400270976239296,1.27049555579821,1.8188190450271,0.1039731473575,0.259789477281899
1.0151994228363,-0.00519339647144079,0.233213838494118,0.102418033380865,0.595736690859,1.50649457077185,-0.224945657134105,0.177967519240419
1.14576029777527,0.0540125742554665,0.17523685502888,0.0667484386686534,0.822014698882898,1.49784488677979,-0.0851205227402744,0.17546683561491
0.819787323474884,-0.0931285917758942,0.139806784374013,0.0793881170912406,0.546581767002742,1.09258822798729,-0.262344862121106,0.038456505059424
0.959159791469574,-0.0200076177716255,0.0859027434636345,0.0419453634309557,0.800718723237514,1.12262083391349,-0.096520016718509,0.0502330977152311
0.595248758792877,-0.234082102775574,0.115966286909086,0.0893917583296381,0.36796422029535,0.823441111048063,-0.43419455279841,-0.0843674694796684
0.2791608273983,-0.564197838306427,0.0517671797031283,0.104212430994039,0.169674920166532,0.36671623463432,-0.770383243404315,-0.435669868549326
0.971416771411896,-0.0287233497947454,0.26009595991445,0.120963187742451,0.513436339298884,1.52621794939041,-0.289515147363366,0.183616505957167
1.14916801452637,0.0557564459741116,0.166028128882362,0.0639483780088238,0.833944507936637,1.48112067778905,-0.078862855641103,0.170590443720643
0.796033322811127,-0.1039744541049,0.133132534955581,0.0634799296146282,0.588469192385674,1.01508060693741,-0.230276407329572,0.00650053024543704
1.1075599193573,0.0413741655647755,0.120375723297158,0.0545029848264601,0.892081687847773,1.33406915565332,-0.0495953754946863,0.125178339340712
0.645499050617218,-0.197343021631241,0.110801715426623,0.0829217745365406,0.431010274340709,0.853693510095279,-0.365512437101292,-0.0686980280097044
1.01090502738953,0.00139034597668797,0.123034548520487,0.0543064482914785,0.776392175753911,1.25401493708293,-0.109918868872549,0.0983026910934562
0.912423312664032,-0.0458202809095383,0.14466100100958,0.0750094817545679,0.631511430939039,1.1856426546971,-0.199618784968611,0.073953792633987
0.81966495513916,-0.0922119542956352,0.124636893836196,0.0758746657788364,0.581090750793616,1.0566283762455,-0.235756045076412,0.0239222637509737
0.729162693023682,-0.145613193511963,0.141568772038089,0.0871867552506691,0.461274826526642,1.00196610291799,-0.336040312549697,0.000853026969172046
1.57926750183105,0.194870710372925,0.20459099088725,0.0557614069260198,1.20616473058859,1.99309946894646,0.0814066251199109,0.299528964416803
0.756500065326691,-0.125089198350906,0.0879843609367323,0.0654453643123754,0.587710036834081,0.908433796962102,-0.230836914732665,-0.041706718692706
1.46533405780792,0.163969710469246,0.139208467362808,0.0414128637317552,1.19879516263803,1.7478981256485,0.0787449818051109,0.242516112221177
0.75348562002182,-0.129558533430099,0.128977943481875,0.0770532135041669,0.504439461231232,1.0062058677276,-0.297191044609525,0.0026868448474037
0.925528883934021,-0.0387332551181316,0.124476742039161,0.0751103565305884,0.695992097258568,1.1553441931804,-0.157395785257028,0.0627113857276458
1.34089517593384,0.123775228857994,0.174790046121347,0.0560662397250478,1.02079742054145,1.69458192388217,0.0089392844673411,0.229062553760999
0.808585524559021,-0.102589786052704,0.173718144417641,0.0959578015703976,0.488852996130784,1.16673646569252,-0.310821719597664,0.066972759871804
1.13121509552002,0.0496429577469826,0.143692975032446,0.060796614852482,0.866032729546229,1.4104438384374,-0.0624660813933906,0.149355787370122
0.99982351064682,-0.0060464758425951,0.165003067244573,0.0725289553799493,0.696462386349837,1.33993589878082,-0.157102385507913,0.127084022639694
1.40790104866028,0.146289825439453,0.139076683039101,0.0458170849589416,1.14581002096335,1.68025342027346,0.0591126054878539,0.225374786005591
0.651361465454102,-0.197814434766769,0.145670403137676,0.10351431593877,0.379220772037903,0.94921962171793,-0.421108088190429,-0.0226332934511436
0.759930610656738,-0.133298918604851,0.194090290183691,0.111982326592358,0.428030750155449,1.15587066511313,-0.368525048235873,0.062909240479697
0.769850313663483,-0.118820250034332,0.105225538705497,0.0739985575168885,0.569243998328845,0.957219936450322,-0.244701539953767,-0.0189882648938111
0.674583613872528,-0.179643779993057,0.124750084939337,0.0924631199178276,0.439511593182882,0.913646343350411,-0.357029673794105,-0.0392218796246059
0.997745871543884,-0.00715915625914931,0.166151563302451,0.0740751395425535,0.687038064499696,1.33847340643406,-0.163019230766112,0.12660973535662
0.936413109302521,-0.0337074808776379,0.135715900592814,0.070321906970497,0.681711866458257,1.19534329970678,-0.166399155976953,0.0774926515174889
0.856817364692688,-0.0711409971117973,0.111035241971616,0.0614951821945207,0.644762748976549,1.07350581884384,-0.190600062257974,0.0308043998651377
0.689444720745087,-0.171118959784508,0.141579330277541,0.0932068538559367,0.424120291819175,0.979804311196009,-0.372510952263189,-0.00886065437871971
0.873051285743713,-0.0623649470508099,0.107237805539674,0.0550917559523591,0.659144333004951,1.08099092642466,-0.181019477437439,0.0338220465422845
1.0693427324295,0.0261586308479309,0.1207670796966,0.0520493175272157,0.848030461370945,1.30634895563126,-0.0715885476075352,0.116059198539102
1.31392920017242,0.116873472929001,0.119678689368433,0.0380285959302114,1.10708431303501,1.53526953160763,0.0441806663589643,0.186184629507972
0.964549422264099,-0.0196615159511566,0.126083616856407,0.060458147116785,0.720699829856555,1.2099475791057,-0.142245607802887,0.0827665505438334
0.985680639743805,-0.00878532789647579,0.0991764994270771,0.0495189200662473,0.799959990382195,1.16976721088092,-0.0969317769894564,0.0680994415897352
1.03750288486481,0.011275127530098,0.149686116887116,0.0650470956360619,0.754143799841404,1.33220826983452,-0.122545835524308,0.124572117107328
1.16285574436188,0.0629853084683418,0.122993143399618,0.0478265463385623,0.929310284058253,1.40489734311899,-0.0318392614123335,0.147644585587407
1.1443989276886,0.0564321093261242,0.109630325018685,0.0444422336185166,0.933374711374442,1.35552942752838,-0.0299439759779139,0.132108950204939
0.585541725158691,-0.244557082653046,0.133977089619877,0.10544964829294,0.331467636674643,0.863897001246611,-0.479559076090327,-0.0635380344511363
1.70479476451874,0.230168431997299,0.145708892442214,0.0357579442115152,1.45710984965165,1.99107389946779,0.163492290218088,0.299087373055777
1.39666211605072,0.143344208598137,0.125471997224965,0.0390006827931208,1.16827976206938,1.65371641516686,0.0675468535036984,0.218461004856703
0.687573254108429,-0.17380990087986,0.146304318710973,0.103616404508784,0.409282446652651,0.979252081612746,-0.387977169135529,-0.00910549664811678
1.05374956130981,0.0211536455899477,0.088852451486047,0.0374747471917445,0.882529977460702,1.22442718744278,-0.0542705384592814,0.0879329641645219
0.600194036960602,-0.229375466704369,0.108752801252055,0.0837825940487475,0.389665755132834,0.814524005850156,-0.409307806949843,-0.0890961115571864
0.707993865013123,-0.158633753657341,0.134337345935641,0.090480445392449,0.458415352801482,0.966882144411405,-0.338740966027034,-0.014626462308298
1.53370332717896,0.184261843562126,0.128587856980428,0.0356418219934576,1.30628954370817,1.79207579990228,0.116039422973591,0.25335636362305
1.02144002914429,0.00117828184738755,0.19419837760417,0.0845893373740662,0.656785609821478,1.41804998417695,-0.182576387271359,0.151691389002723
1.22089731693268,0.0843957364559174,0.121300551504594,0.0456475186543563,0.994926185409228,1.45811725954215,-0.00220919055161143,0.163792447362979
0.785778343677521,-0.115258634090424,0.157631004418036,0.103923650231152,0.49110692863663,1.09416711529096,-0.30882393993066,0.0390833774090679
1.07193040847778,0.0241091791540384,0.174624942025876,0.0739490257062383,0.738213398059209,1.41625085671743,-0.131818081323017,0.15114017407033
0.91547167301178,-0.0492735765874386,0.197200717256351,0.101004152384053,0.553692863881588,1.31813188791275,-0.25673108728678,0.119958835586573
1.08861696720123,0.0340483002364635,0.119322649470357,0.0513523160054186,0.859836244086425,1.32428217232227,-0.0655842661837111,0.121980530912867
1.17983615398407,0.069215402007103,0.126825422468503,0.0482789098687924,0.946681824326515,1.43510443866253,-0.0237960076857012,0.156883502576539
0.802598178386688,-0.102081470191479,0.137950525430202,0.0765118622459343,0.542674760023753,1.07774551709493,-0.265460378868837,0.0325161944326497
1.35891854763031,0.130371227860451,0.154568716401986,0.0496673982447217,1.07161995470524,1.66806143224239,0.0300407862779295,0.222212038493987
0.731191575527191,-0.144269317388535,0.139013829179252,0.0866830842674995,0.464210101217031,1.00657567282518,-0.333285418462806,0.00284642974089467
0.674280881881714,-0.182137817144394,0.144471549256403,0.101427079663853,0.39909425402681,0.965525041520596,-0.398924637376075,-0.0152364801425489
0.76598858833313,-0.121169053018093,0.11793100214172,0.0695670701298922,0.532840130229791,0.995804615318775,-0.27340310837023,-0.00182586983621092
0.653622388839722,-0.18957644701004,0.0964150032663377,0.0661023211163451,0.46427676503857,0.842201531430086,-0.333223082102616,-0.0745839763079139
1.39316713809967,0.142255499958992,0.124623020764286,0.0390892905514165,1.15841120282809,1.6472454170386,0.0638627478328282,0.216758290599925
0.565310895442963,-0.25669327378273,0.107921530698031,0.0929551503308199,0.361624632775784,0.768533980846405,-0.441741994680351,-0.114336936090787
1.44046854972839,0.156381830573082,0.144708666293432,0.0427161998646886,1.18447943826516,1.72924231390158,0.0735275214948559,0.237855852572023
0.770820617675781,-0.121528662741184,0.1449001475907,0.089346713278144,0.493591803560654,1.05384306013584,-0.306632068419729,0.0227759264535052
0.660426020622253,-0.186472028493881,0.104468079932241,0.0780662345407147,0.450936651974916,0.855499271551768,-0.345884464340776,-0.0677803742493988
0.745539724826813,-0.132176384329796,0.10444968687261,0.0655240332368399,0.536745014290015,0.943553284804026,-0.270231982130768,-0.0252335702456589
0.808469533920288,-0.0959815382957458,0.09704880620091,0.0595312772335281,0.632681493461132,0.989531329274178,-0.198814907909864,-0.00457045591577982
1.29957246780396,0.112527638673782,0.0964835325196585,0.0341298489291434,1.12331019341946,1.48465254704158,0.0504996989474752,0.171624827661146
1.27939593791962,0.102478355169296,0.175550818405373,0.065458099402504,0.943363426625729,1.6167347441117,-0.0253210215646996,0.208638771014135
1.39204049110413,0.141657501459122,0.133018852257471,0.0418013391494951,1.15171463886897,1.66489069759846,0.0613448867039226,0.221385725747734
1.17253911495209,0.0651365295052528,0.158246240509795,0.059199114717287,0.867396369079749,1.50130904416243,-0.0617824004657275,0.176470099930664
0.542645871639252,-0.275126665830612,0.10904530664309,0.0947923038883939,0.328144548585018,0.752593179543814,-0.483935016897246,-0.123439809987512
1.20671892166138,0.0775851830840111,0.151123262568553,0.0635798347793557,0.931933329006036,1.49466896057129,-0.0306151605836998,0.174545013936365
1.09088444709778,0.0332512259483337,0.154041277766242,0.0638790939035309,0.80870626270771,1.39570036629836,-0.0922092026956048,0.144792188898763
1.26064896583557,0.0976453721523285,0.138042492486616,0.0534772318407333,1.00855182011922,1.5197069366773,0.00369820289692678,0.181759844754469
0.899250507354736,-0.0515114329755306,0.124642288710265,0.0763737284256756,0.670878703395526,1.12734718521436,-0.173356096326431,0.0520575918352829
0.672967553138733,-0.179129347205162,0.108386520211784,0.0868736183705,0.466644540925821,0.87124209155639,-0.331013821168449,-0.0598611542013655
0.62377667427063,-0.213745266199112,0.119781766271586,0.090705789121131,0.399949690451225,0.861743545532227,-0.397994662792939,-0.0646219610152745
0.960775375366211,-0.020665068179369,0.114376312330409,0.0547536892203197,0.741607922315598,1.18000447650751,-0.129825652830434,0.0718836328765268
1.28872168064117,0.107649490237236,0.140214459856706,0.0466003992546242,1.03302836517493,1.55900978247325,0.0141122449927058,0.192848830540588
0.991285622119904,-0.00613229721784592,0.0849660674552421,0.0516589903744993,0.852139502267043,1.13244630694389,-0.0694893104799139,0.0540176198176216
1.34928870201111,0.127669379115105,0.145164744566926,0.0457846239908637,1.09137168625991,1.64193572998047,0.037972680538456,0.215356112091089
1.33317053318024,0.122986257076263,0.12200629272169,0.0413529244424211,1.10514747003714,1.5748043268919,0.0434202325867339,0.197226597456376
0.471325188875198,-0.335953742265701,0.0867142255135455,0.0984354783410662,0.304047215481599,0.630877132713796,-0.51705897619175,-0.200055768569543
0.862305581569672,-0.0696255192160606,0.121901005635796,0.0737734315763724,0.633635581533114,1.08850247959296,-0.198160449761865,0.036829363075146
1.66133868694305,0.216188311576843,0.231991577931259,0.0612368170475637,1.23254188696543,2.13316369056702,0.0908016188322361,0.329024182457242
0.51319032907486,-0.29845604300499,0.0984349153951388,0.0899810933330926,0.317260757833719,0.705819581449032,-0.498583719885229,-0.15130630670014
1.66360509395599,0.217330813407898,0.239299178926571,0.055117371539911,1.30346603691578,2.07858301599821,0.115099695872691,0.317767263157354
1.04637944698334,0.0172144509851933,0.112425540084954,0.0463799697584077,0.83555094897747,1.26823604901632,-0.0780270811164412,0.103200012483727
0.5434889793396,-0.273242652416229,0.101024822935977,0.0893588977426777,0.346146529167891,0.742926515638828,-0.460740124083214,-0.129054155448726
1.20646381378174,0.0758835673332214,0.192455103890126,0.0705427961395432,0.849038264652093,1.60719164609909,-0.071072772270825,0.206067651817448
0.951504468917847,-0.0233242511749268,0.0781286059977883,0.0414556067986808,0.811303314566612,1.09159930050373,-0.0908167497746495,0.0380632441188412
1.07658469676971,0.027741190046072,0.12956009115776,0.0694272454226024,0.846107168495655,1.31617565155029,-0.072574644418738,0.119313852117965
1.28963661193848,0.108508445322514,0.125171967768394,0.0409599619041119,1.06902977625529,1.52901366452376,0.0289897951236305,0.18441136503189
1.46252393722534,0.163561016321182,0.124146513058054,0.0365410581835518,1.23334095080694,1.71115589340528,0.0910831492036848,0.233289577137571
1.03287363052368,0.011703628115356,0.104892374380688,0.0459467805761828,0.837177998324235,1.23640376826127,-0.0771821947370714,0.0921603031488416
1.09735512733459,0.029142502695322,0.250103109673413,0.0996007915613306,0.662635709842046,1.60748670796553,-0.178725164356728,0.206147307114207
0.874008595943451,-0.0655512511730194,0.157813062289152,0.0790192711722284,0.586877067387104,1.17375486691793,-0.231452870073438,0.0695774008219491
1.47423481941223,0.167159393429756,0.118692748329116,0.035010961488227,1.25589557091395,1.70468096236388,0.0989535284405998,0.23164311074325
0.975324690341949,-0.0189784057438374,0.183410796865187,0.0858849885203877,0.631012290219466,1.34651015897592,-0.199962183993728,0.129209624437812
1.08677983283997,0.0312233120203018,0.164231412083644,0.0655478364421547,0.783419639865557,1.41452062129974,-0.106005545187948,0.150609283112492
0.885734856128693,-0.0596234202384949,0.15638507726386,0.0784137129667997,0.589893880486488,1.19825755059719,-0.22922626861382,0.0785501594865688
0.850695013999939,-0.0758630633354187,0.120621799799613,0.0776268304969509,0.633191471298536,1.0705192198356,-0.198465019415516,0.0295944684580906
1.22605109214783,0.0867338553071022,0.113000208720504,0.039025309859522,1.02257971763611,1.44057806332906,0.00969712012960774,0.158536796829098
0.833015441894531,-0.0929300785064697,0.207758095438943,0.109964603749166,0.463645330568155,1.26041331787904,-0.333814503819325,0.100512868545999
1.1876927614212,0.072800949215889,0.104851461587409,0.0428621000814464,0.99457499285539,1.38562171757221,-0.00236246515312566,0.141644681351928
0.697003424167633,-0.16225777566433,0.107265106597226,0.0706977686776255,0.485800748070081,0.904250711202622,-0.313541820935674,-0.0437111731012509
0.782429218292236,-0.110204122960567,0.0939691188254443,0.0597928300037146,0.601634786526362,0.955677449703217,-0.220667117225367,-0.0196886615427781
0.660619258880615,-0.185921758413315,0.101520914954227,0.0753577539946671,0.462089587748051,0.848775032162667,-0.335274538361825,-0.0712075321034282
1.1484237909317,0.05489756539464,0.17355478419392,0.0684099316974214,0.810985159377257,1.48932533959548,-0.0909871963137106,0.172989406936489
1.08980619907379,0.0331550315022469,0.138078616000782,0.0651105063053822,0.841618720690409,1.35279180705547,-0.0748846703235629,0.1312309639445
0.844276547431946,-0.0773282870650291,0.107506302687607,0.0593607472109006,0.637271525462468,1.04952036341031,-0.19567552694037,0.0209908574016025
0.924761414527893,-0.0414981916546822,0.169573596860147,0.0819267930537783,0.605246619383494,1.27678913275401,-0.218067643310089,0.106119174570377
0.974483907222748,-0.0172573309391737,0.155836900367005,0.074770317822249,0.681677619616191,1.28532302677632,-0.166420970571735,0.10901196232217
0.548686563968658,-0.270896553993225,0.116294157860312,0.0959976879154374,0.328256748865048,0.784881162643433,-0.483787168608571,-0.105196150657465
0.814610123634338,-0.0905309617519379,0.0658090893150551,0.0364786652655222,0.689265743394693,0.935858276983102,-0.161613311053294,-0.0287899143567904
1.14393079280853,0.056356780230999,0.100670565956482,0.0455244737830903,0.966389606893063,1.32839670876662,-0.0148479180836232,0.123327788786764
1.06912326812744,0.0256703365594149,0.131132389064511,0.0545489267060635,0.813783699274063,1.32444739242395,-0.0894911370899951,0.122034712595415
0.810415089130402,-0.0948478579521179,0.0923639344732555,0.0609202581399233,0.637454811235269,0.975636146465937,-0.195550600944327,-0.0107121180405794
1.31464636325836,0.114913731813431,0.172229147312203,0.059149201491232,0.99349229435126,1.66399001081785,-0.00283549698324795,0.221150714721562
0.488050013780594,-0.322718739509583,0.107949245501881,0.100705164088934,0.286648087451855,0.706219605108102,-0.542650981798997,-0.151060241765306
0.890696883201599,-0.0575814209878445,0.161299336245478,0.0805907183868679,0.600562504927317,1.21833765804768,-0.221441793041408,0.0857676526853568
0.967056453227997,-0.0179594717919827,0.112522593852025,0.0575491272895736,0.756487262248993,1.17687150637309,-0.121198447577961,0.0707290213303705
1.2193409204483,0.0833207294344902,0.135809915784852,0.0501576775164983,0.962961851557096,1.48751305540403,-0.016390942424921,0.172460764927602
1.01647138595581,0.00318760797381401,0.136675323673958,0.0584043760533554,0.767128919064999,1.28716600636641,-0.115131645905138,0.109634534897514
0.518070697784424,-0.294405847787857,0.0914580453125554,0.0968587017577457,0.337840139120817,0.681820130844911,-0.471289057354422,-0.166330183417308
0.793682396411896,-0.104413479566574,0.103521180453665,0.0615703029607149,0.593870069583257,0.987500570217768,-0.226308613046949,-0.005462645662088
1.41343665122986,0.14836311340332,0.134320172502113,0.040614506909202,1.16720129052798,1.6772834032774,0.0671457568423908,0.224606401817554
0.931194722652435,-0.0392786636948586,0.183215349924159,0.0854855160596077,0.603093489011129,1.30023202796777,-0.219615443345663,0.114020858807252
0.894060730934143,-0.055337205529213,0.152729670459459,0.078032534239272,0.602670970062415,1.19905881086985,-0.219919727567035,0.0788404559146404
0.622640550136566,-0.212630733847618,0.106674162687751,0.0794259707055046,0.416325910637776,0.831277232368787,-0.380566562322129,-0.0802541280055378
1.45919048786163,0.162325263023376,0.134414727415277,0.0392031031600348,1.22297795216242,1.7268056511879,0.0874186263455933,0.237243459602713
1.13203883171082,0.0500182583928108,0.146003856899074,0.0590935550044225,0.858108761906624,1.42946830491225,-0.0664576636713577,0.155174527888794
1.12208521366119,0.0476990453898907,0.106805367428628,0.0479339964879796,0.934972618023554,1.31877602140109,-0.0292011207801604,0.120171041749585
1.01682090759277,0.00372903677634895,0.118359408205487,0.0591543480158773,0.79955923507611,1.23723623653253,-0.0971493674183763,0.0924526302326579
0.974793255329132,-0.0148023804649711,0.123504879976927,0.058157076476936,0.730717248717944,1.2120966821909,-0.136250661179754,0.0835372624600671
0.675335228443146,-0.180346995592117,0.14014240080582,0.0944836096479488,0.407926341146231,0.956488606333733,-0.389418657718183,-0.0193202416287319
1.51010835170746,0.17812317609787,0.0985793922718948,0.0274788730123463,1.3501741617918,1.70433960060279,0.13038979224069,0.231556129548881
0.971971988677979,-0.0177266839891672,0.135440298610444,0.0756565937980221,0.726232424378395,1.22269613246123,-0.138924433368844,0.0873185379268556
0.524629473686218,-0.291643142700195,0.115498188270617,0.10367376465933,0.310638444125652,0.761296002070109,-0.507744833651365,-0.118446459186091
1.14079737663269,0.0556804947555065,0.0905604593061537,0.0379763855487615,0.979491252203782,1.31152649621169,-0.00899943833631328,0.117777064322981
1.09588003158569,0.0374117307364941,0.109920969758038,0.0464862583684456,0.891799913843473,1.31050754487515,-0.0497325803383378,0.117439497964848
0.726954817771912,-0.144472166895866,0.115565249269802,0.0744938832806633,0.507805161178112,0.949764921267827,-0.294302901872136,-0.0223838760151615
0.90829473733902,-0.0449573807418346,0.103943771564483,0.0549358599419875,0.70870555738608,1.10870916644732,-0.149534180100036,0.0448176345346699
0.418956339359283,-0.390563368797302,0.10026216711853,0.106602613780093,0.23952897315224,0.631662101546924,-0.620641967255555,-0.199515230780846
0.51019287109375,-0.300878196954727,0.103342243960503,0.0871489410394393,0.32780001660188,0.704461328685284,-0.484391028981701,-0.152142851805473
0.861368834972382,-0.0701770260930061,0.11955409532904,0.0756577909230746,0.637234877546628,1.08163341184457,-0.195700463261426,0.0340800503795228
0.882149398326874,-0.0581541247665882,0.111887996360906,0.0577701481939621,0.658827275534471,1.09449009001255,-0.181228429636323,0.0392118335716555
0.793014645576477,-0.115764915943146,0.215757662970777,0.114856480197808,0.443070486187935,1.22737250824769,-0.353527180814336,0.088976377010209
1.39191806316376,0.142683118581772,0.0911941525128898,0.0284879906132946,1.22885683576266,1.57200340529283,0.0895012886189634,0.196453467920086
1.1131135225296,0.0448375381529331,0.0944442721289149,0.0396930745740638,0.930520394444466,1.29135110477606,-0.0312741148570887,0.111044338408354
1.31068646907806,0.115355372428894,0.129875806748599,0.0433043573336993,1.06978646914164,1.57237774133682,0.0292970917992672,0.196556879289471
1.11615335941315,0.0451417416334152,0.110653788321595,0.0514419766353258,0.916854624450207,1.32226920525233,-0.0376995201815875,0.121319858245646
1.26143729686737,0.0976910293102264,0.151863085687594,0.0527906889816623,0.975507563352585,1.56040962934494,-0.0107693624851526,0.193238621074115
0.933996796607971,-0.0350372865796089,0.139547024430039,0.0713353594592677,0.668478176494439,1.20692761441072,-0.174912830501327,0.0816812240255631
1.14385759830475,0.0565188154578209,0.102831432779134,0.0409239456777869,0.953112461666266,1.34592343767484,-0.0208558681579867,0.129020331723852
1.63318073749542,0.20951135456562,0.208063180924067,0.0555055708469465,1.2459522942702,2.07030793627103,0.095501402380305,0.316034938654629
1.01739907264709,0.00483420817181468,0.111135810248466,0.0484558697445594,0.799047782520453,1.23728029628595,-0.0974272509423632,0.0924680519080832
0.514234662055969,-0.302208870649338,0.125469072704922,0.110316292012718,0.298066232850154,0.778448475400607,-0.525687299973227,-0.108770193193332
1.27129995822906,0.102790392935276,0.0983122725414402,0.037184184987509,1.09800487160683,1.45338034033775,0.0406042669860458,0.162379281239464
0.656441628932953,-0.187724933028221,0.0839369911881788,0.073473216309675,0.505015504360199,0.798821440835794,-0.296695305951271,-0.0975502870584988
1.30222833156586,0.112558521330357,0.125364108564806,0.0440423106886597,1.073018476367,1.54607517023881,0.0306071916272867,0.189230599538943
1.36234164237976,0.130545482039452,0.181981259550329,0.0567741997658321,1.04388682544231,1.71912463903427,0.0186533481158337,0.235307294370452
1.33706223964691,0.124207131564617,0.13040454306812,0.0407133072817814,1.11573452949524,1.58499193489552,0.0475608570390045,0.200027005895382
1.4223073720932,0.149441316723824,0.197197297981821,0.0541252972427294,1.12153780758381,1.75074266890685,0.0498138794868309,0.243222129000233
1.14598083496094,0.0563538037240505,0.113082324680207,0.0556797770854999,0.946050890783469,1.34972809354464,-0.0240855059071092,0.130246282615422
1.13444828987122,0.0522321648895741,0.120840538532189,0.0476547910318457,0.899941199024518,1.37326819698016,-0.0457858659484577,0.137755359681303
0.472206741571426,-0.33944046497345,0.116165673232118,0.110767555190671,0.265092109640439,0.709624528388183,-0.576603209459324,-0.148971402584637
0.856107234954834,-0.0730880796909332,0.128932574503057,0.0733736035428961,0.605222886800766,1.09733597040176,-0.218084657344706,0.040339575166282
1.06294226646423,0.0228224527090788,0.12787905266102,0.0605793892557777,0.819808139403661,1.30549689531326,-0.0862877741470275,0.115775843326439
1.23256695270538,0.0871346890926361,0.156880192670712,0.0575344372396913,0.934361119568348,1.5514820476373,-0.0294852844425966,0.19074675353537
0.556079626083374,-0.262257635593414,0.0848386147035643,0.0926623030127965,0.396352023631334,0.70178769826889,-0.401919056198309,-0.153794248997564
0.714482247829437,-0.152865394949913,0.123069450789974,0.0789698693664463,0.472156479458014,0.953502966960271,-0.325914046598408,-0.0206779515459257
1.67236566543579,0.21564294397831,0.312553496550141,0.0824329695308073,1.11065829296907,2.30927841464678,0.0455804338502028,0.363476291199144
0.434857279062271,-0.374313771724701,0.103690997503915,0.106641942145349,0.251276550193628,0.65026042064031,-0.59984805534359,-0.186912683398421
1.04706454277039,0.0115835452452302,0.203301930398192,0.0864156754830057,0.678819402555625,1.47045050064723,-0.168245877098117,0.167450407148621
0.600964367389679,-0.233083784580231,0.137586719898661,0.103934443922355,0.345897996177276,0.885241128504276,-0.461051959391382,-0.0529384175144977
1.08498013019562,0.0301814842969179,0.166824608089659,0.0680633607180304,0.770856216053168,1.43267694314321,-0.113026631226126,0.156148254614989
0.702029228210449,-0.161469683051109,0.131334204853572,0.0835326209674705,0.455999383081992,0.96183577378591,-0.341035749217149,-0.0168991637687215
0.448389440774918,-0.357083112001419,0.0837010522711815,0.0919832002497689,0.284204451739788,0.609829436739286,-0.546369490795112,-0.214791616614492
0.980364263057709,-0.0120536647737026,0.119622627404929,0.0559587125542257,0.751090459525585,1.21163552999497,-0.124307758686711,0.083371873199056
0.706021904945374,-0.157641589641571,0.112082406531931,0.0802018936186436,0.487303780019283,0.912807861963909,-0.312200219797007,-0.0396210380849035
1.26992154121399,0.101602680981159,0.130925987142651,0.0430650647596729,1.04962455828985,1.52319420774778,0.0210339799342758,0.182755279260601
1.02887749671936,0.00662420643493533,0.162244005484854,0.0723510186105215,0.730814808110396,1.35267744461695,-0.136192662795376,0.131194169927283
0.957582890987396,-0.0228956695646048,0.128831610600664,0.0602189284772609,0.710752280056477,1.21236846248309,-0.148281817604599,0.0836346287614803
1.54071772098541,0.184414774179459,0.197945800736685,0.0529229492388761,1.20676874717077,1.91401442786058,0.0816240539145847,0.281945175581178
1.36946952342987,0.133360996842384,0.163927738155746,0.0532143853261692,1.05928544302781,1.7014137973388,0.0250129938364272,0.23080990548857
1.43269383907318,0.154193431138992,0.136322673918164,0.0413337571695247,1.18256556590398,1.7062628676494,0.0728252231453787,0.23204588508567
1.11756789684296,0.0448507033288479,0.132280229808767,0.0570011748743904,0.879056166112423,1.36912643810113,-0.0559833756496156,0.136443556750811
0.934647142887115,-0.0347713455557823,0.144072655673583,0.0698622353304581,0.654785466194153,1.21938528219859,-0.183900982984035,0.0861409467802951
1.20309662818909,0.0785067901015282,0.107889320122564,0.0398776972130895,0.996307766934236,1.41574845214685,-0.00160649531095108,0.150986095196323
0.617779612541199,-0.216344729065895,0.0963172380029571,0.0888050878926353,0.43920723994573,0.786482039590677,-0.357330511421739,-0.104311191099544
1.31634759902954,0.114490382373333,0.192873334268039,0.0662363733535507,0.954059923191865,1.69576405783494,-0.0204243522521433,0.229365422615293
1.20557200908661,0.0799801871180534,0.0878506092530365,0.033131892917067,1.03783924182256,1.37454501489798,0.0161300662274083,0.138158899102239
0.521249115467072,-0.291705250740051,0.0963504947357908,0.0926673985861585,0.330183987071117,0.698939293622971,-0.481244173621356,-0.155560547134891
0.786176025867462,-0.114578574895859,0.164415632264448,0.0964897872395245,0.484524680674076,1.11654737889767,-0.314684272294207,0.0478771514868778
1.14972329139709,0.0556394420564175,0.166851475196869,0.0677627377762482,0.825512367983659,1.48227798342705,-0.0832764451293391,0.170929654414262
0.985780537128448,-0.0124830333516002,0.165556559052158,0.0744711074047765,0.677101051807404,1.31535019675891,-0.169346757799005,0.119041387620175
1.5805572271347,0.19802662730217,0.0982756663815024,0.0257153764943639,1.42068061431249,1.76378643512726,0.15249645289534,0.246445883417474
0.568212509155273,-0.25414314866066,0.108372698125021,0.0897431120932382,0.353790964186192,0.780554371575515,-0.451253623688248,-0.10759684261837
1.14427781105042,0.056416779756546,0.1086582129726,0.0441235807413628,0.943593213458856,1.35146228869756,-0.0252151935999004,0.130803929852301
0.512578785419464,-0.300271302461624,0.100591409404765,0.100756842592654,0.319154029836257,0.704977391163508,-0.495999859278283,-0.151824817760302
0.749093890190125,-0.13362942636013,0.128460895050437,0.0937189308977559,0.508834092815717,0.993188367784024,-0.293423912100918,-0.00296840802237726
0.733671367168427,-0.140009239315987,0.113376219994449,0.0706688967991704,0.512379681567351,0.950361160437267,-0.29040813284602,-0.0221115224131146
1.37425136566162,0.13591992855072,0.13648355553637,0.0433684099080426,1.12292489111423,1.64467927217484,0.0503507025594327,0.216081218589092
1.20435810089111,0.0794594287872314,0.091567986807293,0.0339741110374523,1.03257095317046,1.3900825748841,0.013919901731297,0.143040591137512
1.13939738273621,0.0505085960030556,0.189051122953621,0.074130592566824,0.780548895398776,1.52342852155368,-0.107599895241806,0.182822077767645
0.683922946453094,-0.170881107449532,0.107165729137091,0.0741875576677476,0.473160914580027,0.890833472212156,-0.324991138144099,-0.0502034731470297
0.588312149047852,-0.240100830793381,0.120798978892321,0.09419443662125,0.365064696967602,0.833578037718932,-0.437630163947726,-0.0790537372348183
0.524900615215302,-0.294148594141006,0.133728821271997,0.113006410487867,0.290573563675086,0.804409771164258,-0.536746128823032,-0.0945226761963601
1.21764135360718,0.0824248492717743,0.149845814685698,0.0514119576848024,0.956214994688829,1.4961341937383,-0.0194444560297466,0.174970548714128
0.973817944526672,-0.0197313744574785,0.1871243528611,0.0853944084946952,0.629055351515611,1.36707900265853,-0.201311140447251,0.135793441846403
0.864360868930817,-0.0677735134959221,0.121634981199644,0.0631882207435079,0.633689328034719,1.10585567156474,-0.198123667824388,0.0436984402210743
0.896227359771729,-0.0564574040472507,0.175849662819309,0.0898746043589164,0.556303935249646,1.25782881081104,-0.25468858248832,0.0996215373162165
1.01787114143372,0.00304487161338329,0.133423877652787,0.0703142980504606,0.770690912504991,1.26543523967266,-0.113119774283083,0.102239924445854
0.908974587917328,-0.0457294024527073,0.123063275591478,0.0627793387752989,0.673285777370135,1.15166527628899,-0.171800562130501,0.0613262669989302
1.22361433506012,0.08709716796875,0.0551369834471946,0.0236366165957515,1.13753227889538,1.32198622326056,0.055963725284046,0.121226927918255
1.63820171356201,0.213065922260284,0.128764725069915,0.0334597654722999,1.4178136497736,1.89462266365687,0.151619150746589,0.277522725250426
0.87363338470459,-0.0624591745436192,0.112933521304639,0.0582555367677667,0.652322267492612,1.09483056366444,-0.185537996977403,0.0393469124601098
0.992049038410187,-0.00693519460037351,0.123719402170594,0.055389896106901,0.744123173256715,1.22764411966006,-0.128355329245238,0.0890724805309877
0.570129930973053,-0.256120413541794,0.136180027473117,0.103455544076305,0.335405992468198,0.836017290751139,-0.474429370819569,-0.0777847456097785
1.4069367647171,0.14443926513195,0.187574371846889,0.0578076479783078,1.06407092610995,1.79372993707657,0.0269705740819789,0.253757054613035
0.355036526918411,-0.463391363620758,0.0958508839767832,0.10888515779206,0.206291447207332,0.537890872855982,-0.685518778082273,-0.269306229276378
1.56825292110443,0.19379711151123,0.137190780491807,0.0373518856166658,1.32140021423499,1.83419941365719,0.12103436597478,0.263446550277777
0.800026118755341,-0.106810092926025,0.165920785854195,0.0951099453701078,0.499396895120541,1.14442355930805,-0.301554162488068,0.0585867890183648
0.993762969970703,-0.00445985468104482,0.0859521425300609,0.0398742683372106,0.830482355256875,1.1552820066611,-0.0806695912496641,0.0626879915014504
1.04438173770905,0.0116280252113938,0.185905190874405,0.0807220660311989,0.682747578124205,1.41478283703327,-0.165739836643812,0.150689731346959
0.864561498165131,-0.0739004239439964,0.186189392312644,0.0987933193706004,0.512999947369099,1.24226315120856,-0.289882681559298,0.0942136030694017
1.09703040122986,0.0339251905679703,0.184000933361666,0.0748088647507739,0.752751820286115,1.47038773496946,-0.123348240147272,0.167431865782431
1.37864077091217,0.136641070246696,0.156886330913449,0.0495077542593145,1.09179930786292,1.70704765021801,0.0381428086568925,0.232245627567156
1.26399576663971,0.099790595471859,0.119833623148644,0.0412876046517934,1.04105876286825,1.50430135428906,0.01747524355889,0.177334844790352
0.837106823921204,-0.0791829600930214,0.0749688112209765,0.0432949243881019,0.693133150041103,0.972974936664105,-0.159183331357326,-0.0118983510832984
1.38549399375916,0.140705212950706,0.0914545779155977,0.0276964455047958,1.23613522450129,1.55542158186436,0.0920659821138109,0.191848118940704
0.905251443386078,-0.0463271215558052,0.0990897678803989,0.055344894222206,0.72560336937507,1.08166873852412,-0.139300709730431,0.034094276913399
0.688069224357605,-0.167980134487152,0.107235200113676,0.0715021678011975,0.484606984257698,0.896354409555594,-0.314610372631418,-0.0475202674759132
0.511072814464569,-0.301827192306519,0.107960809927714,0.0969482458379279,0.304195480048656,0.731575437883536,-0.516847244528737,-0.135740891245953
1.25378394126892,0.0849763303995132,0.30031579403852,0.110215280151044,0.702305303514004,1.87869358956814,-0.153474345505344,0.273855887242141
0.776780962944031,-0.114691331982613,0.104143814222663,0.0723259809116064,0.583680683374405,0.963529194891453,-0.233824719262621,-0.0161351218221694
0.541757822036743,-0.277801007032394,0.120501141077541,0.103537471733115,0.314991005261739,0.789356343944868,-0.501701855229484,-0.102726976958619
0.64961838722229,-0.190166428685188,0.0682526743440433,0.0525256259392221,0.519180239737034,0.770016038914522,-0.284681854283384,-0.113500229786305
0.66799408197403,-0.180909112095833,0.0984745786482931,0.0754104206551849,0.471869196991126,0.849080334107081,-0.326178414498845,-0.0710512226608797
0.960973918437958,-0.0245072059333324,0.170879035938321,0.0808049888658699,0.640627512832483,1.31488644580046,-0.193394417716581,0.118888247322864
0.691735029220581,-0.166397869586945,0.11585658005747,0.0752919832800906,0.469340267777443,0.920870325962703,-0.328512247096471,-0.0358015313706271
1.07942116260529,0.0263986624777317,0.187260345445036,0.0779918579219552,0.721516612172127,1.4565462132295,-0.141753672593877,0.163324268146722
1.31461799144745,0.115309581160545,0.159929929715856,0.0569044701171144,1.01331391632557,1.62494496305784,0.00574399817477865,0.210838649311642
0.953625977039337,-0.025242131203413,0.133456471108571,0.065528407280104,0.698206370075544,1.21373270551364,-0.156016236993962,0.0841230545977244
0.630711853504181,-0.207969948649406,0.115528039615757,0.0845517631521331,0.411867086092631,0.861369686325392,-0.385243014842278,-0.0648106810630175
1.53878772258759,0.185849323868752,0.121944354876477,0.0338291586306137,1.32311086952686,1.78415423432986,0.121596230860115,0.251432390666638
1.17202174663544,0.0666488856077194,0.120537785213961,0.0446364310867816,0.950120704372724,1.41679103076458,-0.0222212197769078,0.151305629388308
0.827350854873657,-0.0867902711033821,0.112802550499243,0.064984740950106,0.60993487884601,1.04024229347706,-0.214716532623955,0.0171345070402779
0.694131016731262,-0.162697300314903,0.0868399925932476,0.0643118733831061,0.532270061969757,0.846144462625186,-0.27386796188689,-0.0725555431693844
0.595439672470093,-0.234560325741768,0.11818989952033,0.0936668792439163,0.372553127010663,0.83473454217116,-0.428811805584195,-0.0784516181609598
0.993533492088318,-0.00930123496800661,0.16812458128682,0.0762674361904638,0.670927548408508,1.32684520979722,-0.173324375654205,0.122820246690791
0.97520899772644,-0.0150422314181924,0.133443455619035,0.0604075397525457,0.722117341558139,1.24637851615747,-0.141392225440026,0.0956499502557343
1.53118705749512,0.18070887029171,0.217703410295253,0.061257843046396,1.14891985853513,1.99072474837303,0.0602897336288258,0.299011185345962
0.658626198768616,-0.189156129956245,0.122188907234693,0.0836179607973622,0.427207050472498,0.910362585882346,-0.369362885578666,-0.0407856839416731
1.44174468517303,0.156635254621506,0.149444982034658,0.0439826065338092,1.17978999018669,1.73833734889825,0.071804707018531,0.240134060809687
0.656696081161499,-0.189165413379669,0.110933302242485,0.0767705935837217,0.441580145061016,0.875625083843867,-0.354990467562603,-0.0576818127318146
1.42558097839355,0.152031317353249,0.135700644853117,0.0413034408254751,1.17554913163185,1.70053721666336,0.0702407377453654,0.230585911018033
0.801793038845062,-0.100958682596684,0.132940195908626,0.0647431229072333,0.591598929464817,1.02197355230649,-0.227972714991277,0.00943965183783328
0.598439455032349,-0.230301335453987,0.105532520936063,0.0823268107122731,0.390822358181079,0.810123598575592,-0.40802059950801,-0.0914487402251933
1.08530795574188,0.0324181839823723,0.130826063328728,0.0522472256689364,0.841557178894679,1.34873141944408,-0.0749163731587913,0.129925473376269
1.14663505554199,0.0565271861851215,0.114382964655539,0.0563530734216753,0.94611519575119,1.35172574619452,-0.0240559821704656,0.13088858487741
