PHI,log10.PHI,Std.Dev,log10.Std.Dev,0.025,0.975,log10.0.025,log10.0.975
1.88401877880096,0.270163625478745,0.300692074424726,0.0642138577196475,1.40995451907317,2.43920626044273,0.149205099284459,0.387248511530234
0.725371360778809,-0.149600520730019,0.140752257940499,0.102704065261116,0.449816231429577,0.988604187965393,-0.346964916108917,-0.00497755927302605
0.769883990287781,-0.145295113325119,0.274951219025223,0.175422254187022,0.274730651577314,1.33845127423604,-0.561092936307161,0.126602564023731
1.16021966934204,0.0417852737009525,0.352764459131834,0.147533241128848,0.495859374602636,1.86280063887437,-0.304642528721423,0.27016637693899
0.816079556941986,-0.111843027174473,0.253024035792515,0.15026718498492,0.339479272564252,1.32741255263488,-0.469186737103808,0.123005902357395
0.438940435647964,-0.385006189346313,0.148088943171205,0.161546505545834,0.175803077965975,0.754970577855905,-0.754974369471995,-0.122069991681643
0.621869504451752,-0.243411332368851,0.241212335188673,0.189793565969528,0.204231576497356,1.13788408438365,-0.689879206506616,0.0560980198466538
1.04115080833435,-0.0233452059328556,0.491824485482485,0.195318784612634,0.332971667746703,1.9488313138485,-0.47759292521409,0.289774248662484
0.392843127250671,-0.460793256759644,0.21019924744994,0.223988479241356,0.111208732488255,0.832239428659281,-0.953866553988075,-0.0797521473606921
0.66546767950058,-0.192399591207504,0.166616306792879,0.122103709420767,0.338252716511488,0.994781349102656,-0.470758835956416,-0.00227236747680344
2.38380360603333,0.372614026069641,0.405196934109007,0.0603323913728951,1.8612500111262,2.97221430142721,0.269804708724942,0.473080111814932
0.840829372406006,-0.0914068147540092,0.219397599545125,0.122167388463338,0.427347912142674,1.27583859562874,-0.369218467609245,0.105795720490677
2.50668382644653,0.386309385299683,0.62348843416654,0.10566786232143,1.45786771674951,3.78947234153748,0.163718083833772,0.578578671197517
2.00167632102966,0.297174990177155,0.285616724992077,0.0601825675121695,1.50946499506632,2.56896706620852,0.178822995408486,0.409758536271861
0.687984347343445,-0.215657666325569,0.339477934111825,0.223930585421214,0.19478414952755,1.40314946870009,-0.710446668947856,0.147103851902914
1.97547006607056,0.278712630271912,0.546879005417461,0.124024368643081,1.02284786899885,3.06722116271655,0.00981104240197913,0.486745036446372
0.461478918790817,-0.370916277170181,0.175577554301079,0.183340821646072,0.16293539951245,0.834727819760641,-0.787984558772863,-0.0784551436296693
0.890094518661499,-0.0697279199957848,0.282351720177065,0.130022948536626,0.437168477972349,1.37061333854993,-0.359351160913281,0.136914953292345
1.55492329597473,0.156893342733383,0.601134978135606,0.182423248939323,0.547798327108224,2.77053050796191,-0.261379298388532,0.442562903338571
0.300856590270996,-0.561312973499298,0.128160058144725,0.192582293266081,0.101164367049932,0.575031288464864,-0.9949726269902,-0.240308524262595
1.31880712509155,0.0894909203052521,0.459830198720185,0.173386161955766,0.462375417600075,2.26103585561117,-0.335005263617616,0.354307446034809
0.577887773513794,-0.258458077907562,0.166820722523446,0.138641569022795,0.265333843231201,0.909251087903976,-0.576207819030265,-0.0413161709550572
1.16798520088196,0.0592632256448269,0.184328041319809,0.0998175446651373,0.848671030501525,1.50155484378338,-0.0712606970752013,0.1765410899442
1.3849470615387,0.132511347532272,0.26298803024195,0.0926931485543612,0.884331399202347,1.89294828275839,-0.0533849562620795,0.27713874817477
0.494057953357697,-0.361637383699417,0.27678297328251,0.223959255586248,0.144769254078468,1.02647105952104,-0.839323672167127,0.0113466516005497
1.1318416595459,0.0412532575428486,0.262509830041025,0.107285721063994,0.645797478159269,1.66344499985377,-0.189903656605642,0.221008445352761
0.4371377825737,-0.395196855068207,0.169767155857618,0.184339783020714,0.154255643611153,0.817434047659239,-0.811759096185718,-0.0875473647284878
1.04546928405762,0.00958298705518246,0.210712312661417,0.0955153686561184,0.637127793331941,1.45816043615341,-0.19577397721877,0.163805282087391
0.503232419490814,-0.322411477565765,0.157596112370301,0.152222071251752,0.213118151947856,0.815770242114862,-0.671379558474191,-0.0884322268009502
1.14890372753143,0.0530326962471008,0.183378377351558,0.0901498865529636,0.805682613948981,1.48851129611333,-0.0938361424492846,0.172752129714959
1.42453491687775,0.142465502023697,0.31946773317465,0.100329758044885,0.825544037421544,2.06320303082466,-0.0832598159560194,0.314541760525616
0.77777111530304,-0.155321151018143,0.345062923860903,0.210465565553291,0.235535778229435,1.52047402163347,-0.627943141613992,0.181978808468693
1.00399994850159,-0.00849631335586309,0.209300960075151,0.0970587571939881,0.591133689383666,1.41760411560535,-0.228314292238962,0.151554905444488
0.759049415588379,-0.130909696221352,0.165232995886492,0.101587448357073,0.432386363794406,1.08378730118275,-0.364128011026369,0.0349440563352426
0.897743821144104,-0.0573537945747375,0.175520666676073,0.107868160516662,0.55172690252463,1.22728695670764,-0.25827589709704,0.0889461024213161
0.510750651359558,-0.330855309963226,0.207624485178291,0.193277023580688,0.166600748399893,0.952711573243142,-0.778323057277284,-0.0210386162942119
1.91150760650635,0.270609706640244,0.400824613995135,0.101432822960216,1.1340741644303,2.69854428569476,0.0546414462006715,0.431129524076617
0.333681613206863,-0.510571479797363,0.124645131759777,0.180305961163067,0.116869176986317,0.6003734861811,-0.932300247616795,-0.221578533385956
0.822161257266998,-0.0960370078682899,0.179239699861172,0.100124374173384,0.473594014594952,1.18322715262572,-0.324594461793111,0.0730681272065211
0.602210521697998,-0.259264200925827,0.243834074205095,0.192526719929619,0.202031573653221,1.13075689971447,-0.694581084805489,0.0533692117223967
2.25105476379395,0.348689436912537,0.288915184217078,0.0579758749648516,1.74129354556402,2.81668111681938,0.240871958811435,0.44973766342502
1.3976788520813,0.137683749198914,0.274402848961487,0.0813077343252277,0.928451514740785,1.9113259712855,-0.0322412204670993,0.281334759180639
0.507767736911774,-0.313585072755814,0.146684820997108,0.133504523211371,0.239788486436009,0.800597028434277,-0.620171681796267,-0.0965860272837258
0.348425537347794,-0.506520450115204,0.161699477719771,0.215670529340959,0.100977325936159,0.704324138661226,-0.995776405060885,-0.152227430970441
1.13462710380554,0.0480015687644482,0.195906717462023,0.078751818095708,0.753094031413396,1.51363996764024,-0.123151097934625,0.180022573554127
0.654006779193878,-0.208997458219528,0.20901709148973,0.152887821678617,0.273635016381741,1.07473927636941,-0.562833465127768,0.0313031201726727
0.965062379837036,-0.0379884801805019,0.294029109834741,0.146066839881265,0.41524669478337,1.55251878499985,-0.381693817339251,0.191036748714536
1.01826405525208,-0.00451293168589473,0.239328607478399,0.105654010717666,0.576797513663769,1.50088029404481,-0.238977008756798,0.176346055491361
0.935891330242157,-0.0506722256541252,0.283115399684202,0.143480547749138,0.418105518569549,1.51633751094341,-0.378714100166913,0.180795782052225
1.23724830150604,0.0733105763792992,0.349612624936475,0.13436877519029,0.583129721879959,1.95482181807359,-0.234234828951274,0.291107022607056
1.28561675548553,0.10258424282074,0.211122272944751,0.0790316690908597,0.884489866594473,1.7025840540727,-0.0533071643295519,0.231108558671127
1.12978541851044,0.036877915263176,0.29014852494005,0.12370772992075,0.562710649768511,1.70445235570272,-0.24971494236808,0.231584865892098
0.832999587059021,-0.0919644683599472,0.190662535114419,0.108863036826307,0.46556051671505,1.21417165696621,-0.332023923908138,0.0842800891853571
0.980780959129333,-0.0174784492701292,0.176672166549983,0.0991731234643635,0.646966564158599,1.31490839819113,-0.189118165318705,0.118895499164755
1.54993867874146,0.177185580134392,0.363620148779491,0.111046266964468,0.862049191693465,2.28563684622447,-0.0644680189654152,0.359007227891874
1.26188921928406,0.0900759547948837,0.270824371091792,0.101066985309154,0.746085424224536,1.80885784029961,-0.127211459540911,0.257404426113577
0.974874496459961,-0.027925968170166,0.2576338987447,0.125932944679226,0.474047810832659,1.49342696964741,-0.32417794013452,0.174183989932297
0.638815820217133,-0.238714948296547,0.274720153603664,0.205865764337803,0.196105938404799,1.26162059009075,-0.707509443943574,0.100928768094071
1.18212234973907,0.0591781325638294,0.283275700181818,0.11161983903128,0.641227702299754,1.75403262674809,-0.192987723603079,0.244037503067001
0.536006569862366,-0.295690536499023,0.163933089852505,0.159428594964866,0.213337196782231,0.862813383340836,-0.670933429355435,-0.0640832190166073
1.01082050800323,-0.00311282533220947,0.2597221252044,0.073910682426351,0.749030677477519,1.27128706375758,-0.125500395758415,0.104243586337144
0.507426798343658,-0.309294193983078,0.123310284005916,0.118692469778062,0.262815897663434,0.74751608222723,-0.580348380229193,-0.126379463755261
0.687982499599457,-0.176312610507011,0.165293446706581,0.114036353589544,0.361505269259214,1.00904776950677,-0.441885767025496,0.00391140800310609
0.353268414735794,-0.491408199071884,0.144459796976315,0.193571186613496,0.117810830660164,0.675390362242858,-0.928816050930657,-0.17044514228729
1.09787690639496,0.0338819026947021,0.18881332868213,0.0773499849965963,0.735066497325897,1.4801199833552,-0.133673381352215,0.170296888921651
1.970587849617,0.286275893449783,0.390876917669352,0.0853882108610599,1.27724060714245,2.72187071442604,0.106272690239302,0.434867460244795
0.540770888328552,-0.290671050548553,0.167924071069621,0.150596205661856,0.228236612305045,0.880273432532946,-0.641614813168967,-0.0553824078507054
0.66898512840271,-0.19389982521534,0.184263448590598,0.137523320507088,0.307524353514115,1.02722617487113,-0.512124541700369,0.011666076414422
0.726081967353821,-0.154302507638931,0.18983702745819,0.118250815017242,0.381983146319787,1.09164107938608,-0.417955806259164,0.0380795535532768
0.576546609401703,-0.27435502409935,0.218666537575083,0.184298663581426,0.198266765599449,1.03857848743598,-0.702750105356651,0.016439322530907
0.354963004589081,-0.497247755527496,0.167924104346178,0.209343921788862,0.11218554812173,0.735707967480024,-0.950064559863942,-0.133294688938449
0.602125704288483,-0.256819069385529,0.234595266788753,0.187314995252341,0.204207517579198,1.09394786953926,-0.689928760541673,0.0389966112793944
0.294108152389526,-0.565568327903748,0.110211278988563,0.180606441072339,0.107285131824513,0.524713689088822,-0.969460520196078,-0.280077613169075
1.29641270637512,0.10187067091465,0.281160181326504,0.0995517872787035,0.756060960888863,1.84872318903605,-0.121443200324649,0.266871812401308
1.59292805194855,0.196220427751541,0.213577963295176,0.0856911911649361,1.23573738137881,1.98212020993233,0.0919261569024064,0.297129979393112
1.22143471240997,0.0712057277560234,0.345858975210534,0.11691338348064,0.655962564051151,1.83048756619295,-0.183122463525579,0.262566772600316
0.88983428478241,-0.0643394440412521,0.172047755812071,0.138119989591232,0.567814110716184,1.21438453197479,-0.245793898583521,0.084356192466906
0.372900307178497,-0.461047649383545,0.137820119636331,0.176412191806195,0.136343503122528,0.661873144408067,-0.86536612333425,-0.179225278432956
1.7332843542099,0.231611251831055,0.275613572798534,0.0890005023482027,1.23788246909777,2.25291084845861,0.0926793509937036,0.352743991934908
0.263285636901855,-0.61905437707901,0.108702790794281,0.193163608901491,0.089803778193891,0.502816135684649,-1.04670568923965,-0.298590794095959
0.736681818962097,-0.148312285542488,0.181121988143784,0.124432310326178,0.387179922809203,1.07956992387772,-0.412088761020616,0.0332507749331629
1.22750687599182,0.0800084248185158,0.248068966219726,0.0895895627493284,0.765223495662212,1.7324652393659,-0.116211882766613,0.238664507954952
0.221683293581009,-0.694867849349976,0.0947563281927823,0.194477470654811,0.0733950410038233,0.42212719420592,-1.1343332850766,-0.374556669846274
1.64709556102753,0.208471462130547,0.312761685953521,0.0863285056058339,1.04104218184948,2.26751819650332,0.0174682097319918,0.355550780839754
0.498196095228195,-0.35331118106842,0.230390842653665,0.221039768476602,0.138311199719707,1.03497083485127,-0.859142811875123,0.0149280705679883
0.840974926948547,-0.0965848341584206,0.248118968308978,0.142857017527679,0.372107248504957,1.34670842091242,-0.429331934995027,0.129273575512859
1.31576204299927,0.110934495925903,0.241690571948195,0.0886150335466966,0.841490148504575,1.78126115302245,-0.0749510354860218,0.250727579773
0.485629290342331,-0.347843050956726,0.181843920736303,0.181858219539309,0.171608292932312,0.867164893945059,-0.76546218768385,-0.0618984272182659
0.965828895568848,-0.0260682981461287,0.20709629656445,0.101042774856363,0.552234893540541,1.36739601393541,-0.25787616481458,0.135894309008773
0.465427309274673,-0.343928754329681,0.101665311823707,0.106045154543526,0.259287108729283,0.655158758163452,-0.586219078717752,-0.183653448954858
1.87556135654449,0.27119979262352,0.178903215707426,0.040857883096996,1.55307321449121,2.23784958124161,0.191191927382517,0.349830887312216
0.667180478572845,-0.191191285848618,0.168334949872388,0.120601696465066,0.335009608169397,1.00882069468498,-0.474943726374806,0.00381397762153788
0.834707617759705,-0.0894338265061378,0.174654928448111,0.103028008156031,0.479404178013404,1.16568673849106,-0.319298205766034,0.0665818445883615
0.699763596057892,-0.172818809747696,0.195540104808649,0.128507314720584,0.342680932084719,1.06548282106717,-0.465113187737317,0.0275464465786743
0.480765759944916,-0.341842442750931,0.150817846393159,0.150003926901278,0.204181728015343,0.795082475244999,-0.689983203196032,-0.0995878471867481
1.38251352310181,0.137454584240913,0.153552802391388,0.0576292001195342,1.08994728227456,1.67058166861534,0.0374054414453039,0.222867711558492
0.919634938240051,-0.0587542615830898,0.28403246235009,0.145158777912987,0.420178226878246,1.47798622250557,-0.376566459227426,0.169670374706033
0.18360935151577,-0.778583109378815,0.0795084326310295,0.199357209054611,0.0591791586950421,0.366618291040262,-1.22783121686757,-0.435786044205895
1.51608037948608,0.170860752463341,0.31620074297545,0.0942507621920246,0.913989379505316,2.16257505615552,-0.0390588508137295,0.334971149317546
1.07289886474609,0.0157677475363016,0.262406044562322,0.119546647887687,0.571320356428623,1.5983618915081,-0.243120483075085,0.203675107578008
0.48361536860466,-0.333380967378616,0.129956145844615,0.130721076079193,0.230433922633529,0.734399564564228,-0.637453710480863,-0.13406762508844
2.96172547340393,0.465759664773941,0.477137874903275,0.0717947607901754,2.10070225397746,3.96121472318967,0.322364492976086,0.597828384461158
0.38024714589119,-0.460732370615005,0.158099116762681,0.196590855831975,0.124170892002682,0.732585994402568,-0.905980230427095,-0.135141404581063
0.705446481704712,-0.176483258605003,0.224220212406613,0.155045359823137,0.293186242878437,1.16432310342789,-0.532856416356573,0.0660735147026046
1.01696825027466,-0.0169024430215359,0.321583088659638,0.151858430937796,0.426763626933098,1.66849503715833,-0.369812994443702,0.222324918553025
0.823531806468964,-0.0991725847125053,0.202103725040295,0.119569732667102,0.431308562556903,1.22362061838309,-0.365212111937027,0.0876467751695919
1.47540879249573,0.162209212779999,0.255743437263322,0.0772691729582461,0.991840486228466,1.99103131691615,-0.00355818165115214,0.299078037755665
0.413639456033707,-0.420580416917801,0.16310514691001,0.188784994250838,0.137372187773387,0.771646459897359,-0.862101381699239,-0.112581646672289
1.10516357421875,0.0363311320543289,0.193692161787074,0.0804148954431543,0.727839174369971,1.49064534902573,-0.137964573371429,0.173374328785613
1.34650528430939,0.116680271923542,0.313729537661356,0.10694713593873,0.769882027308146,1.99009135663509,-0.113575832792443,0.298872980835249
1.08623290061951,0.0272584985941648,0.20952374384419,0.0891331737339465,0.687786116699378,1.49411662916342,-0.162546595753112,0.174384494797259
0.667814075946808,-0.193592578172684,0.181688251199209,0.13219799905255,0.323481004685163,1.01929712692897,-0.490151470843659,0.00830079854169781
1.25438582897186,0.0823020413517952,0.36093134358758,0.118576253032498,0.665334129333496,1.88910118838151,-0.176960201823296,0.276255214224393
0.778509557247162,-0.163519963622093,0.377978536125117,0.229726631049081,0.203676434357961,1.63342928191026,-0.691059369304199,0.21310028943543
0.479189246892929,-0.352294713258743,0.197323866074258,0.172680193332638,0.183755758032203,0.82561296671629,-0.735760176228954,-0.0832235605901667
0.457538187503815,-0.368088334798813,0.152221379895439,0.169102986577154,0.176167068382104,0.772767250239849,-0.754075290963539,-0.111951296073926
0.409963876008987,-0.420876652002335,0.152560825236347,0.179598381914021,0.145482902725538,0.733353329698246,-0.837189926604435,-0.134687173189341
1.981201171875,0.292257457971573,0.263020254203738,0.0693762420315436,1.52276223202546,2.47637132604917,0.182632095521167,0.393815766585644
1.543701171875,0.176119521260262,0.359654359459041,0.106304867861548,0.868476178745429,2.26860932707787,-0.0612421346527854,0.355759621266644
0.436075448989868,-0.396325260400772,0.168492023316708,0.185129539559012,0.151068073386947,0.803280450900397,-0.820827479030913,-0.0951334569098303
0.549764633178711,-0.285775482654572,0.179055574725914,0.157589741743432,0.217577411482731,0.920237159729004,-0.662386197639506,-0.0361003114871816
1.27031636238098,0.0959558635950089,0.237381800928263,0.0846397038132015,0.815106613437335,1.74677764177322,-0.0887855923336906,0.242237610985635
0.580836057662964,-0.266809463500977,0.205515277511615,0.173185521591847,0.215489195163051,1.00859398841858,-0.66657647555547,0.00371637078021062
0.994890213012695,-0.0157624538987875,0.224631407942464,0.117741827415668,0.547410108149052,1.43483467499415,-0.261687391900964,0.156801862824091
0.771338999271393,-0.123555578291416,0.165347803696288,0.0996749979658057,0.443023438751698,1.09711731771628,-0.353573447230865,0.0402526324739499
0.567744553089142,-0.266891330480576,0.168849813338313,0.140519784932176,0.259467960645755,0.90551888893048,-0.585917583923366,-0.043102536171734
0.466559380292892,-0.368296205997467,0.184570544611063,0.188124223577602,0.162401233116786,0.87629078278939,-0.789410700182828,-0.0573519355379244
1.1171361207962,0.0418864488601685,0.183499322104566,0.075191525574484,0.756440196434657,1.4789425333341,-0.121225442541194,0.169951289380965
0.495837807655334,-0.324203372001648,0.140606210036085,0.135957046999805,0.229056901981433,0.785135447482268,-0.640059401112505,-0.105055472312843
1.06416499614716,0.0212588161230087,0.148772695687269,0.080987805038301,0.794975201288859,1.33718440334002,-0.0996464294810424,0.126191302290019
0.483132481575012,-0.37131941318512,0.240709122592651,0.22905417502655,0.131944880262017,1.03691477676233,-0.879607469622572,0.0157428659839721
0.378783464431763,-0.480930775403976,0.235686218583461,0.226858660724334,0.109162802187105,0.81642260402441,-0.961928141431853,-0.0880849952793112
1.96439433097839,0.288693338632584,0.300479415450348,0.061717510663639,1.47452839016914,2.49454136689504,0.168653134983176,0.396990657204338
0.619217216968536,-0.223671138286591,0.158872946556726,0.119972715877158,0.320764988909165,0.936579517523448,-0.493813044089008,-0.0284553949850271
1.16112506389618,0.0549035891890526,0.186904906603704,0.12004055121579,0.81964428772529,1.48816811442375,-0.0863745836781398,0.172651970995287
0.977852761745453,-0.0318902693688869,0.295326738165682,0.144999435265444,0.417217239737511,1.56935017605623,-0.379637764382938,0.195719804034466
1.74489104747772,0.237814456224442,0.24116840837049,0.0582787590351048,1.32163615723451,2.20997213522593,0.12111191093049,0.344386762867351
0.883682131767273,-0.0668983608484268,0.190627841068421,0.121381237645898,0.515053362150987,1.24579451779525,-0.288147860006368,0.0954464024677334
1.57792627811432,0.192624509334564,0.223124146312929,0.0761975892997084,1.17460394402345,1.99235921303431,0.0698914460342712,0.299367633572841
1.96916210651398,0.278497964143753,0.517799301393641,0.119995846750985,1.03421096702417,3.05628978013993,0.0146089340644611,0.485194401728648
0.528063297271729,-0.297908842563629,0.154339778343535,0.139385028315823,0.241954767207305,0.838281959791978,-0.616265829773778,-0.0766098872069416
0.477403283119202,-0.353405833244324,0.170662842892659,0.178491906357909,0.16837444404761,0.835499892632167,-0.773723838122981,-0.0780537077174189
0.642928123474121,-0.200480669736862,0.124797429663248,0.0883885899923652,0.40234311769406,0.896333020925522,-0.39540343661032,-0.0475306878464926
0.643654644489288,-0.209385931491852,0.172725286533661,0.132387617625639,0.301807498186827,0.990830660859744,-0.52027000293742,-0.00400056598342805
0.374914586544037,-0.459240227937698,0.138183715065407,0.179001202435424,0.137573757270972,0.670740220447382,-0.861464407680266,-0.173445750648776
2.43869519233704,0.379567295312881,0.454601283600435,0.0818124731789072,1.63150707582633,3.37019487818082,0.2125889434487,0.527655013907056
1.70258104801178,0.227970361709595,0.195596926536431,0.0545665881654792,1.34799285630385,2.08603067596753,0.129687582720501,0.319320689901404
0.363045006990433,-0.480120748281479,0.152795165615582,0.195223645025698,0.119005219576259,0.683352931837242,-0.924434831908798,-0.165355341670766
0.56519341468811,-0.267503798007965,0.164085494428208,0.135647198490864,0.261074043562015,0.893301781018575,-0.583236427437443,-0.0490018011213512
1.32752728462219,0.102817721664906,0.374896750541315,0.141763883488555,0.618612608810266,2.09042062362035,-0.208582487565894,0.320233678722012
0.357357442378998,-0.482105284929276,0.138940953059494,0.182977728472731,0.128895291686058,0.65451129625241,-0.889762950344527,-0.184082873799507
1.50174808502197,0.171709552407265,0.202840982459099,0.0715653116338102,1.12234532733758,1.88257303138574,0.0501264192057878,0.274751819470091
1.11121928691864,0.0147435758262873,0.399648042898064,0.173080895655435,0.412902363638083,1.92132508854071,-0.384152979812698,0.283600822394064
1.01999449729919,-0.00155831151641905,0.199686492386068,0.101668687475294,0.629414150118828,1.40536336004734,-0.201063765679599,0.147788626252619
0.252196669578552,-0.637169361114502,0.101686205169614,0.19320853929534,0.0840817153453827,0.481940436859926,-1.07529877580228,-0.31700664358913
0.650030195713043,-0.20467571914196,0.172861793991124,0.130238075833064,0.307627259443204,0.989706990122795,-0.511975185247991,-0.00449337127612761
0.217000901699066,-0.70083349943161,0.0968514227248003,0.1835048236973,0.0774584790070852,0.392237128069003,-1.11093189535596,-0.406451301639812
0.585999369621277,-0.257293105125427,0.187826448611255,0.155634340681937,0.239165085554123,0.972646916906039,-0.621302222430628,-0.0120447860073789
2.29662799835205,0.357205003499985,0.239761779334189,0.0700923798754999,1.92659168839455,2.69317864576976,0.284789680163194,0.4302651614429
1.42275333404541,0.147124066948891,0.196360342643674,0.0842410561997615,1.08160846829414,1.77416349550088,0.0340700302291034,0.24899361151576
0.433187633752823,-0.392513751983643,0.149277188057564,0.167956739927784,0.166655400147041,0.748417717218399,-0.778180922089368,-0.125856016967692
1.55748605728149,0.186710625886917,0.251682342984206,0.0709190236304435,1.09405565559864,2.04692929983139,0.0390392350798847,0.311102828591262
0.769806385040283,-0.137668117880821,0.272423827129051,0.146422996377482,0.339785295228163,1.25722617506981,-0.468797873573774,0.0994133314665225
0.650071263313293,-0.216001123189926,0.22265452668711,0.167383633080767,0.247196609526873,1.1149332344532,-0.606957501888017,0.0472488606332094
0.310100734233856,-0.536163508892059,0.124230947135602,0.155652680692893,0.134192033981284,0.509865943094095,-0.872273273393349,-0.292544055522021
1.83748579025269,0.260555237531662,0.223661037812762,0.0594462016419297,1.43164251446724,2.25884105563164,0.155834586158353,0.353885658894347
1.22110235691071,0.0755050703883171,0.233227343875145,0.11521694892115,0.787279800077279,1.66256017287572,-0.103870910451364,0.220777361390105
0.882760524749756,-0.0640595033764839,0.182947258310086,0.0948917138881886,0.533204864958922,1.2460763335228,-0.273105977477323,0.0955446474625448
0.755422830581665,-0.137830168008804,0.196039116608402,0.122102130557845,0.384264119466146,1.14738827943802,-0.415370218739052,0.059710409237383
1.03112089633942,-0.00281264143995941,0.23608923100477,0.140158442232387,0.575401695569356,1.48103587627411,-0.240028908433907,0.170565578867961
1.47900414466858,0.161245346069336,0.199702283807488,0.119516397625559,1.15795327425003,1.81155740817388,0.0636910025232276,0.258052097108671
0.425462752580643,-0.415651947259903,0.1855734454756,0.2062090797001,0.132606668646137,0.835151684284211,-0.877435405116863,-0.0782346972172114
1.16614878177643,0.0456713028252125,0.348789051853538,0.140326633761036,0.528065780798594,1.89310857653618,-0.277312470260177,0.277175268113233
0.607499897480011,-0.244505926966667,0.205233660254887,0.164408483585063,0.231591861446699,1.04179418782393,-0.635276920418363,0.0177819289308866
0.334619373083115,-0.510615170001984,0.127570915917848,0.184083356776638,0.11666068614771,0.607174152632555,-0.9330756097392,-0.216686752166873
0.345939636230469,-0.493945568799973,0.129177018649318,0.176341805474557,0.128858382999897,0.629568868875504,-0.889889466082112,-0.200956846211627
1.09834408760071,0.0261477958410978,0.270870832757093,0.116971034556109,0.567941024402777,1.6482213874658,-0.245696777324537,0.217015497277223
0.436671882867813,-0.374732553958893,0.107955901344753,0.118563387141531,0.219361911341548,0.647694948812326,-0.658838853093155,-0.188629508292673
1.23824691772461,0.0873609259724617,0.172813228084831,0.078430045161157,0.9167817791303,1.57200570305189,-0.0377343392540439,0.196454114388457
0.321272104978561,-0.547040641307831,0.198908704830942,0.216435061785001,0.102151177078485,0.652855732043586,-0.990756668220596,-0.185184240131778
0.587894976139069,-0.250570982694626,0.167262254918877,0.138253608731963,0.27362432256341,0.930355388919513,-0.562845304228586,-0.0313511237278126
0.556313157081604,-0.275390118360519,0.161616259038706,0.140464286892419,0.251380770653486,0.880029329657555,-0.599668168942794,-0.0555028548250482
0.263569891452789,-0.619583785533905,0.119691038540058,0.192487804209195,0.0933691024780273,0.499588370074829,-1.02979697886,-0.301387682746101
1.7827136516571,0.244780227541924,0.281798120024754,0.0790146155578588,1.2494878689448,2.33864434758822,0.0967318049759951,0.368964064850785
2.84059810638428,0.451027780771255,0.298699444758867,0.0457141937195628,2.33368709087372,3.42705802718798,0.36804258569799,0.53492144568288
1.08396089076996,0.0276229456067085,0.19113921982102,0.0828638005604308,0.707387202978134,1.45877521534761,-0.15034281114132,0.163988371540385
0.522818207740784,-0.325329959392548,0.230844425872788,0.20236031858442,0.166124643137058,1.0110034942627,-0.779565969480688,0.00475265661610928
0.420251458883286,-0.407391786575317,0.146124626915442,0.176554694889362,0.161824861665567,0.728790504237017,-0.790954756154738,-0.137397647924287
1.2468353509903,0.0868653059005737,0.226606759319348,0.0961579734290132,0.829039376974106,1.66651031772296,-0.0814248421233615,0.221808006760923
2.20683908462524,0.339081257581711,0.23358021125982,0.0823381054751441,1.84315245846907,2.58820138176282,0.265561254483879,0.412998062513233
0.992562770843506,-0.0187735259532928,0.256926125476247,0.119660462868929,0.524112103382746,1.51690517862638,-0.280576568166513,0.180958428231766
0.817432463169098,-0.121200442314148,0.298131554749444,0.182480072115778,0.276866394281387,1.44292238950729,-0.557729822087566,0.159242972101018
0.579180061817169,-0.280835956335068,0.246007601479032,0.206201817201891,0.17243602288266,1.14206273555756,-0.763372967875079,0.0576894169134689
2.01560473442078,0.295462757349014,0.400175325146818,0.0896466207216296,1.26203088263671,2.80631156365077,0.101069937476384,0.448135869020285
0.340766727924347,-0.502543687820435,0.140860168858902,0.179833011174009,0.118995952233672,0.600938895344734,-0.924467833326799,-0.221169685872089
0.532518863677979,-0.295092225074768,0.157423725069974,0.142956017359765,0.227390431116025,0.84540276726087,-0.643227836340202,-0.0729363644161786
0.601500034332275,-0.255870133638382,0.228650135001266,0.183430121937922,0.207644194364548,1.07827748755614,-0.68268021175081,0.0327305259413539
0.606973826885223,-0.244220316410065,0.202725494425466,0.162075297669048,0.239969032878677,1.02675977647305,-0.619844926275355,0.0114687923783646
0.676884949207306,-0.185520842671394,0.174830860970227,0.122674974148262,0.33694553549091,1.0266734490792,-0.47244029364188,0.0114322630099822
0.704549789428711,-0.16680982708931,0.171887581538157,0.118600555389261,0.359784024953842,1.03094501296679,-0.443958128232449,0.0132354862646263
0.695868015289307,-0.192646861076355,0.309447953263549,0.177337465300933,0.250995257745186,1.19455386400223,-0.600334543677268,0.077205737430182
1.58959770202637,0.195194065570831,0.240410174423194,0.0788892882359083,1.13665120899677,2.03191280563672,0.055627206185121,0.307905061949656
0.884869515895844,-0.0607576370239258,0.161207309032265,0.0831315744818869,0.56813749174277,1.20239670773347,-0.245546551952276,0.0800477774994493
0.488576024770737,-0.349329710006714,0.195868568387241,0.190550623908081,0.166061846291025,0.909890452524026,-0.779730138012195,-0.0410108919955954
1.29548871517181,0.0889012366533279,0.401242628980534,0.150478838773503,0.545099585751692,2.13185307383537,-0.263524171774507,0.328757219055012
0.52334988117218,-0.314830750226974,0.194126313217374,0.180042227685989,0.185648419583837,0.930632012585799,-0.73130919062645,-0.0312220123668518
0.828334450721741,-0.107989087700844,0.267014083020311,0.160594335209793,0.327804213762283,1.38662693798542,-0.484385487105505,0.141959602012036
0.668562173843384,-0.207653224468231,0.241998483361958,0.17902538380906,0.23155920120577,1.16943265795708,-0.635337957386359,0.0679752179144086
0.724455296993256,-0.156643331050873,0.187547498885502,0.126625974656108,0.36036258538564,1.09476067920526,-0.443260352633705,0.0393191794595551
0.857372283935547,-0.0806875452399254,0.208218186068125,0.113075402284634,0.453596754123767,1.26144435703754,-0.343330172708694,0.100868085159108
1.32172155380249,0.114984780550003,0.162948453367124,0.0942162305105982,1.0518393655618,1.60153870781263,0.0219494204193739,0.204537399957185
0.279071837663651,-0.596301853656769,0.116516888607397,0.201063413917924,0.0884683698415756,0.536952736973763,-1.05321284017631,-0.270063970732819
0.688409328460693,-0.176489934325218,0.165254790485534,0.117611404474414,0.358709293355544,1.01004216869672,-0.445257453931192,0.00433947764904175
1.03123998641968,-0.00551233068108559,0.291427180481995,0.132521218757877,0.493880156427622,1.6172315398852,-0.306378422997118,0.208772190006471
1.07411313056946,0.02284493483603,0.193087569810009,0.090373859515717,0.702825263142586,1.44213792483012,-0.15315269322021,0.159006796542199
1.13463306427002,0.0485203824937344,0.184872798201144,0.0771626266275606,0.780748625099659,1.49241587618987,-0.107488874614138,0.173889850921519
0.914971470832825,-0.0442837662994862,0.13994211381732,0.0733589100594458,0.641325649122397,1.18328220446904,-0.192921569441668,0.0730883328282719
1.05896270275116,0.018039733171463,0.182039325764181,0.0788789637050666,0.698417948186398,1.42084784110387,-0.155884671354536,0.152547535303998
0.86749142408371,-0.0774252936244011,0.214171241372476,0.124783242312919,0.435880547513564,1.27761326233546,-0.360632559478844,0.106399409636648
0.72465306520462,-0.14912848174572,0.140009752768323,0.0943971194625378,0.448944011578957,0.991521792113781,-0.347807828853514,-0.00369773694449663
1.81752324104309,0.257237285375595,0.170928521914309,0.0470287934284298,1.51869331300259,2.14586230913798,0.181470069036875,0.331601791191248
0.276141703128815,-0.605157732963562,0.125117313945896,0.208147243995024,0.0875562634319067,0.558082057535649,-1.05771293267498,-0.253302028023074
0.963038265705109,-0.0296084694564342,0.228954106428672,0.110412787442021,0.528421914080779,1.42236564457417,-0.277019221829435,0.153011211025134
1.36740708351135,0.129760101437569,0.217394931794695,0.0763383537747887,0.952275198201338,1.78544054329395,-0.0212376152447563,0.251745377815197
0.843154191970825,-0.0834913700819016,0.16807003072746,0.0933368390308705,0.518517457445463,1.18124814033508,-0.285236619799451,0.072341124304813
1.05759620666504,0.0166885815560818,0.193439524829478,0.0829382324308583,0.68108613093694,1.44161854187648,-0.166798339771848,0.158850337367277
1.03905367851257,0.0112518751993775,0.160757025431313,0.0692829816366962,0.728710307677587,1.34862291812897,-0.137445573554841,0.129890535684959
0.345147222280502,-0.492708384990692,0.121030552585542,0.172906737492528,0.12631676979363,0.593510960539182,-0.898538993038281,-0.226571283738627
0.551138997077942,-0.286131888628006,0.18360459518866,0.162513757086678,0.213047017653783,0.931877681612969,-0.671524540909181,-0.030641112174656
0.843069136142731,-0.0957512110471725,0.245951778089498,0.145858463750362,0.354334867497285,1.34272696574529,-0.450586113977688,0.127987710042163
0.986116409301758,-0.012720144353807,0.16996584794656,0.0769595174990485,0.662489754954974,1.32194899817308,-0.178820838383211,0.121214695110622
2.12625551223755,0.321014165878296,0.345043458171024,0.0805327807683603,1.49954571723938,2.8026586095492,0.175959710504994,0.447570196576106
1.39322125911713,0.127973705530167,0.355341039499478,0.124356236336378,0.71781095713377,2.11610228220622,-0.143992629159346,0.325536593955852
0.358288675546646,-0.485000014305115,0.144887864422548,0.193808044691153,0.119709222018719,0.677011690537135,-0.92187241409511,-0.169403835882346
0.318791598081589,-0.543613314628601,0.145609832688042,0.212413173706368,0.0957181509584188,0.647782624761265,-1.01900792852502,-0.188571665043503
0.686860799789429,-0.20923276245594,0.302104355913666,0.210434366573914,0.201959892734885,1.36708276867867,-0.694735253114631,0.135794627072963
0.372054159641266,-0.458968788385391,0.130028392116767,0.167487252768089,0.143966846416394,0.645244357983271,-0.841738506839649,-0.190275786263163
0.660711646080017,-0.211534738540649,0.234093425411355,0.175396386669991,0.232968320945899,1.14773561060429,-0.632703426769126,0.0598418549546582
0.818410277366638,-0.105272144079208,0.223819821055563,0.131406175418338,0.383310040086508,1.25880914529165,-0.416449816420719,0.099959459905067
1.08286762237549,0.0231267921626568,0.240737179517302,0.102237129729347,0.625971039136251,1.56178752084573,-0.203445786670592,0.193621860941163
0.458129107952118,-0.367560982704163,0.157420033427558,0.165106060040284,0.17830955584844,0.793542199333509,-0.748825604667287,-0.100430028255287
0.688483417034149,-0.199537307024002,0.270022690601043,0.189971362499955,0.237663060675065,1.26566459039847,-0.62403835187741,0.102318604770143
0.606286108493805,-0.226456522941589,0.121560512308281,0.0909736528336696,0.375820798178514,0.843907524148623,-0.425019189423695,-0.0737051556015669
1.2999233007431,0.0965492948889732,0.352688152879796,0.127449006186524,0.6377073670427,2.02528563539187,-0.19537858716499,0.306486282213395
1.11135375499725,0.0399256125092506,0.167916278627656,0.0778252094873782,0.796104573706786,1.43080524504185,-0.0990298976904243,0.155580522958964
0.67553323507309,-0.187774077057838,0.180005828180266,0.128844940170798,0.32213051940004,1.03689332207044,-0.491968146671041,0.0157339351479008
0.315613657236099,-0.535688817501068,0.120470411534114,0.182258774423847,0.112177542659144,0.579100521902243,-0.950094108350948,-0.237246073993805
1.13185918331146,0.050988957285881,0.125231907713746,0.0508425072599874,0.915386207401752,1.36511858701706,-0.0383956356285087,0.135170367910792
0.341979056596756,-0.515181124210358,0.17042874232154,0.211658191465865,0.107531127768258,0.71256535400947,-0.96846649782003,-0.14717536700039
0.40971240401268,-0.420336127281189,0.149850022320941,0.177716212340218,0.143430777142445,0.72806815803051,-0.843357908669785,-0.137828009732673
0.595737278461456,-0.252015590667725,0.20098075306252,0.16068426759652,0.23511743247509,1.00433320899804,-0.628715169813398,0.00187782311405982
0.603604912757874,-0.255004853010178,0.230937311729902,0.185588671343561,0.205594544981917,1.09253919621309,-0.686988459524109,0.0384370262051423
0.75525975227356,-0.129251107573509,0.135828429893714,0.0812614801897822,0.494317649801572,1.01558661659559,-0.305994089642476,0.00671689520258684
1.7018575668335,0.226888746023178,0.171761334287495,0.0743855559447428,1.42799144983292,1.98130583763123,0.154725600912238,0.296951519124432
0.689539194107056,-0.205949366092682,0.298542734136667,0.20677335438925,0.217158126334349,1.33843493759632,-0.663227481654049,0.126597087829883
0.492179602384567,-0.355767637491226,0.228754839442086,0.213587381927954,0.14258926572899,0.970528438687326,-0.845914236800218,-0.012992264109497
2.55373334884644,0.403989255428314,0.28205566776064,0.0569924289379274,2.05406407912572,3.07721290389697,0.312613984228856,0.488157544724189
0.25591903924942,-0.633955717086792,0.109513926829908,0.198861062819685,0.0851473970338702,0.508187707265219,-1.06982862762216,-0.293976140029675
0.413317680358887,-0.413062393665314,0.144947663554954,0.167117824474585,0.158146607627471,0.715586753189564,-0.800940549674771,-0.145337707639761
0.970903098583221,-0.0590324476361275,0.421910001927527,0.214059769132695,0.285251054912806,1.89393133819103,-0.544775861796454,0.277364223411399
0.546719551086426,-0.284464687108994,0.165015393879247,0.145232522654097,0.238868810857336,0.875809596478939,-0.621840740560099,-0.0575903006579359
0.35064497590065,-0.484687119722366,0.124810600588419,0.166445389026695,0.137082726508379,0.612064249316852,-0.863020135504343,-0.213203015281891
0.969832301139832,-0.0243203677237034,0.197847640816778,0.107009329604681,0.596389536062876,1.33892407814662,-0.224470066571584,0.126755946473066
0.676160573959351,-0.186957940459251,0.183593191998222,0.125398187914312,0.339285253981749,1.04545355141163,-0.469435019605775,0.0193047059840617
0.533695876598358,-0.320053488016129,0.257727695735843,0.209390361777468,0.171229475115736,1.05800584654013,-0.766421622904531,0.0244880412288792
1.29877495765686,0.107205994427204,0.210586281947564,0.0770891873476948,0.884950648744901,1.69666298627853,-0.0530810146532,0.229595585531544
1.41997218132019,0.146449938416481,0.203157303148869,0.0801090000689568,1.05560471614202,1.79932521879673,0.0235013217847197,0.255109656525279
0.357964009046555,-0.482732951641083,0.138099044706502,0.187945631068893,0.12124675710996,0.652975527942181,-0.916330001432295,-0.185103169026498
1.51111733913422,0.174235627055168,0.245735126649206,0.0651452622251106,1.11581761737665,1.94462024172147,0.0475932072281639,0.288834801861229
0.336584448814392,-0.510905146598816,0.133898140651722,0.190512937297335,0.112863008864224,0.63176494538784,-0.947448433066433,-0.199444476984135
0.301700443029404,-0.575064241886139,0.182216756051867,0.218544045633242,0.0870821556076407,0.634072733422121,-1.0600709286452,-0.197861034466479
1.21342086791992,0.0777504667639732,0.201428481207531,0.075121133926799,0.826569965978463,1.6119849383831,-0.082720389520753,0.207360940983307
0.367252379655838,-0.465481042861938,0.128489862196112,0.172057558771289,0.13589545711875,0.634955576558908,-0.866795068641391,-0.197256662034861
0.546436369419098,-0.285649061203003,0.165741789999617,0.150265511575684,0.225509127850334,0.881394707659881,-0.64683590663323,-0.054829589932615
1.86787581443787,0.265592068433762,0.240432448258962,0.0865287409937345,1.45640213390191,2.28403032223384,0.163281306400574,0.358701865139725
0.605611145496368,-0.235555082559586,0.16483244292183,0.12888128587996,0.291987637678782,0.93834336400032,-0.534635535973831,-0.0276382133914408
0.388430029153824,-0.455566257238388,0.168228325876156,0.2088523786584,0.115566429185371,0.762722468872865,-0.937169050105576,-0.11763349219782
0.324634671211243,-0.52329558134079,0.122987744337912,0.182191045556485,0.117466422356665,0.593693034350872,-0.930090034616193,-0.226438047181058
0.270921111106873,-0.615206956863403,0.128391712826162,0.211954165764407,0.0831366784249743,0.554784437517325,-1.08020796347889,-0.255875730516592
1.31213295459747,0.111198142170906,0.207644723266602,0.0839304862014135,0.925309199591478,1.70254414975643,-0.0337131200696452,0.231098379691575
0.275285720825195,-0.598860442638397,0.110873872516032,0.192004912178835,0.095448395734032,0.518242562313875,-1.02023141081871,-0.285466932365954
0.854890108108521,-0.0766535922884941,0.164072439483011,0.0884744959709899,0.533385290702184,1.18998956580957,-0.272959332461941,0.0755430837089837
0.3834388256073,-0.46718043088913,0.182922129078799,0.220145643911469,0.107749922573566,0.779683693746726,-0.967584143205143,-0.108081549042777
0.769349992275238,-0.17107655107975,0.389483538849048,0.237206411223467,0.194559031476577,1.59100630978743,-0.710949938235976,0.201671900378066
0.212545186281204,-0.717800498008728,0.105396276757937,0.2024029129758,0.0700650432457526,0.422837367653847,-1.15449941212356,-0.373826661483401
0.384757429361343,-0.450725585222244,0.149159095483664,0.184779346513032,0.132751467327277,0.704222210248312,-0.876962328075857,-0.152290306333832
0.483594477176666,-0.354367882013321,0.202797506495271,0.191536781022046,0.161069683109721,0.904190382858118,-0.792986375410555,-0.0437404811617308
0.258218616247177,-0.63044536113739,0.114625725616719,0.198745145888402,0.0861004043370485,0.506126868724824,-1.06499516391301,-0.295741005769558
0.749373078346252,-0.138171330094337,0.173831173516448,0.109678689801186,0.41248088106513,1.09396790464719,-0.384596551657998,0.0390045252720839
0.855559945106506,-0.07943245023489,0.191787913359757,0.103270997391222,0.486291800439358,1.24036059876283,-0.313103619426784,0.0935479581088667
0.506929695606232,-0.335184425115585,0.204372746035195,0.198073921764457,0.163722237075369,0.955934916436672,-0.785892349456044,-0.0195716807250071
0.282078325748444,-0.588338375091553,0.112690796753374,0.19337346767356,0.0934710125128428,0.526774483919144,-1.02932382654188,-0.278375280547699
0.481929332017899,-0.340005129575729,0.147735661894924,0.14831863839403,0.208486485729615,0.782814191281796,-0.680922241879111,-0.106341310761115
0.88268780708313,-0.0792977139353752,0.28257530603329,0.155111510336934,0.365338205794493,1.46054460803668,-0.437304911411574,0.164514784803836
0.892875015735626,-0.0617971755564213,0.204986370087138,0.108591745035613,0.49592832326889,1.31469325919946,-0.30458142816603,0.118824408699925
1.67286646366119,0.218842744827271,0.215165668674775,0.0702676630112672,1.28683687547843,2.06383693814278,0.109523490351416,0.314675363360191
0.59992241859436,-0.238463401794434,0.152556118518351,0.127910081074405,0.292798090726137,0.897839225828648,-0.533432029779386,-0.0468015393186088
1.04581332206726,0.0105947162955999,0.205150028520834,0.0897402218712738,0.642430385947227,1.45793848733107,-0.192173978545465,0.163739200792879
0.468083292245865,-0.359414488077164,0.172166403916421,0.166853490195052,0.18043301589787,0.805640412370364,-0.743684258103895,-0.0938587569214401
0.893692553043365,-0.0551715157926083,0.139651705296837,0.0803713025615292,0.62976484199365,1.15811407665412,-0.200821605577327,0.0637513380877017
