PHI,log10.PHI,Std.Dev,log10.Std.Dev,0.025,0.975,log10.0.025,log10.0.975
0.377630949020386,-0.453114360570908,0.132178271841782,0.170999970928616,0.140265991787116,0.67005909482638,-0.853071673306218,-0.173891886739355
0.573659718036652,-0.267496228218079,0.185896924744744,0.158762889314397,0.235454015682141,0.939800384143988,-0.628097179496703,-0.0269645931914819
0.52171927690506,-0.309642314910889,0.209759504701349,0.149952684330867,0.243847754349311,0.989379732310772,-0.612887666024883,-0.00464387800320654
0.425231426954269,-0.409356564283371,0.163558748566998,0.195816134566721,0.118307858643432,0.78012558221817,-0.927037558711175,-0.10783551704123
1.64093661308289,0.20193886756897,0.504372373760812,0.0975869934550791,1.17203419407209,3.27793494860331,0.0689401185656931,0.515431414359745
1.05136406421661,0.0172388684004545,0.145461292639092,0.0648388267566949,0.793386989335219,1.3718621045351,-0.100514928550112,0.137310436043191
2.76934146881104,0.43412709236145,0.626181391919135,0.0792144041167241,2.15622994701068,4.89235200087229,0.333694891369325,0.6895119928851
0.480403989553452,-0.342676013708115,0.147795203590157,0.154208278571048,0.204011456668377,0.763292903701464,-0.690357873125154,-0.117308779722391
0.316367238759995,-0.547023236751556,0.148317131378082,0.210189987154857,0.0944380516807238,0.621597906450431,-1.02485767990429,-0.206490460953417
0.697359323501587,-0.176140159368515,0.190432367550502,0.139542058961759,0.293126410990953,1.05215484499931,-0.533043676346028,0.0220796563069547
0.886727750301361,-0.0668154954910278,0.22771204156785,0.11565067772943,0.492717672387759,1.35652233660221,-0.307423022034078,0.132426947736375
0.718953967094421,-0.188420176506042,0.293353870304643,0.220935876036399,0.176065775255362,1.27607532143593,-0.754336114177777,0.105876309743762
0.914433062076569,-0.0472629219293594,0.172845694878767,0.0881841077610045,0.577095360557238,1.26645474930604,-0.238753721503895,0.102589188457368
0.413566589355469,-0.421388417482376,0.144927294133704,0.20947336761425,0.10265269788603,0.70067728459835,-0.989008525494608,-0.154483245002681
1.52302753925323,0.172264009714127,0.321083652495354,0.0984672157152328,0.937504300971826,2.15411703785261,-0.0280277553655258,0.333269275109781
0.823331534862518,-0.0999013930559158,0.213688083013033,0.118945845867396,0.421176305164893,1.27222503721714,-0.375536213798678,0.104555506392348
0.803021728992462,-0.117779716849327,0.223590580313319,0.156117048920843,0.246964989478389,1.24076975087325,-0.607524904162694,0.0936911414360062
0.597095787525177,-0.240059331059456,0.152131978810938,0.124022900587707,0.29671602845192,0.874139214058717,-0.527660108743631,-0.0584197386961767
0.888160884380341,-0.0706452876329422,0.206911799321428,0.152249496598108,0.23663374632597,1.25849406719208,-0.625923879697964,0.099841288372598
1.31805944442749,0.112821079790592,0.218061128818118,0.0838972959855494,0.890137956043084,1.72550604343414,-0.0505430729183203,0.236914212044663
0.856831789016724,-0.086710624396801,0.225717085330322,0.143439298433569,0.329001603027185,1.28678989907106,-0.482951606478441,0.109507630220416
0.759446740150452,-0.124083653092384,0.118760016922347,0.0613398063219611,0.584564059476058,1.05554592013359,-0.233168170941665,0.0234724317417578
0.338524550199509,-0.514304280281067,0.13527966333262,0.21278349779611,0.0836621671915054,0.613832039137681,-1.0774709041175,-0.211951708968772
0.413932621479034,-0.405636548995972,0.122727217310745,0.14804269336844,0.169259724020958,0.643519998093446,-0.771448126839371,-0.191437958418006
1.70492255687714,0.224393889307976,0.324056377886455,0.0788854749873829,1.20394976039728,2.51947807470957,0.0806071653373983,0.401310581853788
1.20235288143158,0.0704221054911613,0.227203555648246,0.0996668406756635,0.762440998355548,1.63636110126972,-0.117798460808647,0.21387899749896
1.69249665737152,0.219195500016212,0.390358853271585,0.0863687574984926,1.20828394591808,2.92267027099927,0.0821689878203496,0.465779145412915
3.04876446723938,0.474202960729599,0.737619214201853,0.0887861458701704,2.12033712863922,4.9500907142957,0.326404072623956,0.694582182409127
0.458659648895264,-0.355830192565918,0.120244137427755,0.130438576424256,0.202526492625475,0.690677267809709,-0.693541881330827,-0.160726638455693
1.18747782707214,0.0575151704251766,0.325415196126447,0.12518021883861,0.606052116552989,1.91606404383977,-0.217494492537673,0.282409930771205
0.613482356071472,-0.258802026510239,0.27656544021078,0.212831095150568,0.177255327627063,1.20170867641767,-0.751403056666638,0.0797991933718927
1.26975691318512,0.0951750725507736,0.241262615706612,0.08882538891909,0.824298558632533,1.72789375583331,-0.083917854781997,0.237516394572647
0.433655798435211,-0.391686350107193,0.150380474837962,0.164588878534152,0.171612246955434,0.750869116683801,-0.765451921030078,-0.124435812799393
0.549002766609192,-0.277926236391068,0.144640771506636,0.130058556880507,0.239086655403177,0.824792254964511,-0.621445861220579,-0.0836557917295495
0.399378687143326,-0.420575678348541,0.11371488036223,0.148830039094646,0.151516851161917,0.602130705614885,-0.819585855294872,-0.220309247615943
0.929543077945709,-0.0373426899313927,0.146227471458601,0.0712099027741589,0.657934874792894,1.21252838273843,-0.181817266962447,0.0836917780285344
0.629497468471527,-0.214743182063103,0.151261175625505,0.112869290543579,0.322737846771876,0.913239023089409,-0.491150528411669,-0.0394155649210978
0.836780309677124,-0.0840243324637413,0.142625167349685,0.0775347736094939,0.567485251526038,1.1226780752341,-0.246045459292339,0.0502547319164984
0.147367209196091,-0.876676917076111,0.068168062486213,0.20384211682641,0.046151250321418,0.300829638789097,-1.33581665477348,-0.52170934323529
0.508112490177155,-0.312242448329926,0.132523551941768,0.134762452958965,0.218986060718695,0.736253053446611,-0.659583871342191,-0.132973004951011
1.34118366241455,0.114459678530693,0.339879034118029,0.10619913296551,0.775289225578308,2.1597670396169,-0.110539398545668,0.33440601332978
1.99341714382172,0.29209104180336,0.405191712009957,0.0780381822995643,1.467152556777,3.07965866327286,0.166474677877239,0.488501963797166
1.17835438251495,0.0589152462780476,0.287796651132543,0.103597873725057,0.691176550587018,1.8517914523681,-0.160411142772581,0.26759155878395
1.40508282184601,0.137113094329834,0.298995326519168,0.0988437738204479,0.844654554625352,2.00642808675766,-0.0733215686398427,0.302423436730441
0.494320631027222,-0.331500440835953,0.157171915165242,0.158203554741547,0.196759115159512,0.817793969313304,-0.706068074369696,-0.0873570211356841
1.80035865306854,0.251082986593246,0.232582950074283,0.0651302817737135,1.45526233613491,2.33583739995956,0.16294053767429,0.368436514060269
0.610520601272583,-0.233390033245087,0.160763838272851,0.140138865331498,0.274392126252254,0.898754790922006,-0.561628935486014,-0.0463588997035897
0.397626847028732,-0.423557639122009,0.115484737527026,0.154402002905405,0.15419523542126,0.621155051887035,-0.811934382966365,-0.206801341417408
0.761765241622925,-0.131905481219292,0.183363435226496,0.112885561007797,0.412320827444394,1.14095603525639,-0.384768753968244,0.057267648757818
2.19919776916504,0.336334407329559,0.399317965337705,0.0689931441530052,1.70474454760551,3.43252397179604,0.23165930798015,0.535613553238847
0.485099762678146,-0.322058767080307,0.0959421403986565,0.083176385585571,0.30700670008858,0.646846252183119,-0.512852307869348,-0.189198959071257
0.594926297664642,-0.279091686010361,0.303665476644015,0.22061678792783,0.181035968164603,1.24552092452844,-0.742242203707341,0.0953510207541539
0.513114929199219,-0.311261862516403,0.157268737680679,0.142220610651474,0.230756103992462,0.824936771889528,-0.636852080547385,-0.083579688489782
0.608893036842346,-0.232850044965744,0.147780362954385,0.137543161347929,0.262052879234155,0.877431086202462,-0.581639171593709,-0.0567869903013435
0.616593837738037,-0.25354990363121,0.264640681304448,0.204568201709381,0.189897889023026,1.20595435202122,-0.72148684096926,0.081330847824284
2.1831476688385,0.334100335836411,0.352718328827023,0.0640459274743992,1.69597509801388,3.23712227741877,0.229419451538323,0.510158426433579
1.01024127006531,-0.00212086807005107,0.165899005769457,0.0787791581233628,0.68476537267367,1.32567787965139,-0.164458246160467,0.122437650399993
0.985102117061615,-0.0126964785158634,0.129136840167145,0.0865081378550316,0.772512602309386,1.18200570444266,-0.112108209194616,0.0726195474454584
1.47789490222931,0.160005331039429,0.302898018200418,0.0936141818421291,0.907474236687024,2.10203628142675,-0.0421657048447141,0.322639861775245
0.444226413965225,-0.385920286178589,0.163949319991821,0.180629799145496,0.14673179499805,0.798292240997155,-0.833475835170921,-0.0978381274583412
0.654340922832489,-0.193394690752029,0.124863057821794,0.0938876353679977,0.373600759853919,0.862747149169445,-0.427592539924537,-0.0641169773379553
1.66070699691772,0.215583339333534,0.177379137869322,0.080328972950934,1.49573614696662,2.02093259096146,0.174854843664959,0.305551666361155
1.80876290798187,0.249958410859108,0.390564856667565,0.0751652161946109,1.40311388174693,3.0936409731706,0.147092510197571,0.490468334494573
0.753444731235504,-0.134644031524658,0.171180530426762,0.103036193106023,0.436392861604691,1.09612769981225,-0.360124578619522,0.0398590639950212
0.79807049036026,-0.111504457890987,0.185522650090967,0.11409107496991,0.377373426407576,1.17877970238527,-0.423228788875625,0.071430801352869
0.763531148433685,-0.128238141536713,0.144606705892899,0.110267552324489,0.390041691064835,1.00624407827854,-0.408890037956245,0.0027031579251123
0.789427578449249,-0.12919157743454,0.256535401394238,0.160649760430748,0.305121417095264,1.31622233788172,-0.515529635734562,0.119329248505281
0.433865904808044,-0.391453742980957,0.151830658925178,0.163984552667748,0.170951214929422,0.759446604549885,-0.767128543982403,-0.11950277546161
1.07066142559052,0.0158049091696739,0.256538276643976,0.114277707511546,0.555505579710007,1.60290678143501,-0.255312060605094,0.204908084117884
0.986971259117126,-0.0266199745237827,0.283295359883447,0.143076639167492,0.402678435792526,1.56942224701246,-0.395076427431057,0.195739523063281
0.790510892868042,-0.118000581860542,0.166682072513557,0.140023734239416,0.274705676734447,1.06685361365477,-0.561134302109171,0.0281045878401609
0.539702594280243,-0.28426206111908,0.150590163541439,0.120957963706743,0.286140476167202,0.83583627641201,-0.543432175877778,-0.0778791260737482
0.419238984584808,-0.395714372396469,0.114919738055964,0.130870733195198,0.207151831313968,0.656732288996378,-0.683713097131166,-0.182612590577176
1.5569920539856,0.184988707304001,0.286680277184331,0.0799379517540235,1.08229064643383,2.22397934198379,0.0343438998034274,0.347129816060647
0.323958307504654,-0.522607743740082,0.12810183001569,0.17579536381327,0.106199638359249,0.573192335665226,-0.973877185698613,-0.241700316652895
0.620529592037201,-0.217663154006004,0.126282343026396,0.0999881703860165,0.348986400167147,0.842745953301589,-0.457191536461563,-0.0743034465362301
1.10623288154602,0.0375787504017353,0.183325490368351,0.0751180251615876,0.74035892089208,1.46791121959686,-0.130561671403323,0.166699661735971
1.23280298709869,0.0833452120423317,0.227654243753635,0.0819447151792943,0.782836326956749,1.73791731794675,-0.106329701497269,0.24002713998528
0.252086579799652,-0.634692668914795,0.0995302446994286,0.18719975950379,0.0824675509085258,0.465539006888866,-1.08375927205222,-0.332059606053249
0.764014661312103,-0.150445237755775,0.236031132870128,0.20319357044735,0.140857776130239,1.20067150592804,-0.851240819805769,0.0794241922904079
1.35889708995819,0.128149315714836,0.193475235800273,0.069844739739448,1.05929229557514,1.76715037922064,0.0250155224883779,0.247269572433581
1.07719576358795,0.0200773011893034,0.213052180874273,0.117186923820351,0.675638398528099,1.45377499262492,-0.170310194611332,0.1624970138415
0.869952976703644,-0.0773586630821228,0.227459742264356,0.126795259772147,0.400461659332116,1.30313536524773,-0.397439835756003,0.114985950540191
0.513039648532867,-0.31417253613472,0.173640203157749,0.149646708807822,0.208322492614388,0.825109184285005,-0.681264650728679,-0.0834895367399433
0.248955592513084,-0.650900721549988,0.106056509476497,0.216537973961006,0.068152381417652,0.474732684840759,-1.16651910942145,-0.323551007840304
1.21747481822968,0.0743485316634178,0.201052973154251,0.121125305586539,0.813567814230919,1.52407243053118,-0.0896452017063044,0.183005583175451
1.7966650724411,0.249555945396423,0.275546023305599,0.0658159703087382,1.41744996905327,2.52869271039963,0.151507702720713,0.402895939116587
0.555065989494324,-0.294897705316544,0.255519014482417,0.190156114134666,0.179616615176201,0.99805783132712,-0.745653650552661,-0.000852991833380143
0.714815855026245,-0.154907658696175,0.140027545311703,0.0916899555552916,0.424273073921601,0.991362874706586,-0.37237255024065,-0.00376754348747947
0.751845896244049,-0.129256576299667,0.110331605271273,0.0716798178180477,0.515076040228208,0.947825358808041,-0.288132530248293,-0.0232723950586518
0.589817643165588,-0.247596800327301,0.157334213839137,0.13802532122771,0.310935393720865,0.890921812752882,-0.507330200747579,-0.0501709101605459
0.679745018482208,-0.179341584444046,0.146831146501022,0.105648109021417,0.344045801460743,0.954643064240614,-0.46338484094777,-0.0201615220163904
0.241857662796974,-0.652078747749329,0.0956119765033572,0.18196632553574,0.0857765400782227,0.448690667996804,-1.06663178965918,-0.348054104228812
0.914319515228271,-0.053206741809845,0.232568526282962,0.113090020766519,0.494609878212214,1.43510637680689,-0.30573738487633,0.15688062415403
0.741974830627441,-0.138221397995949,0.147332204748685,0.0872522322419041,0.473758784184853,1.07837093969186,-0.324447206266017,0.0327679381865417
0.930136919021606,-0.043731614947319,0.189376953385605,0.11483794249558,0.417104645818472,1.25559361775716,-0.379782121634027,0.0988488206472115
0.481644481420517,-0.349041730165482,0.172233965293482,0.175143616575484,0.166595898196101,0.838887389997641,-0.778337069979925,-0.0762964162719924
1.71047961711884,0.227377444505692,0.290457850247116,0.0696093715106865,1.26425781647364,2.43742462396622,0.101835607825455,0.386930099414619
1.12616574764252,0.0484678782522678,0.122868624504575,0.0565720834042634,0.933640674253305,1.37768573860327,-0.0298228719508469,0.139150114140523
0.761520624160767,-0.127807840704918,0.138336178274468,0.100421961669327,0.449637458473444,1.00601799786091,-0.347137884332321,0.00260563004986761
1.92839956283569,0.280163884162903,0.293490936301,0.066797499347022,1.44227753480275,2.59859039783478,0.159048766785443,0.414737766630549
1.11426365375519,0.0334671065211296,0.276090530653072,0.110009469151679,0.631625000635783,1.71219454904397,-0.199551878031547,0.23354577924353
0.896965742111206,-0.0568153485655785,0.187305866512212,0.0923024872748872,0.564389100174109,1.27809987465541,-0.248426360922499,0.1065645379144
0.805207967758179,-0.119331501424313,0.272919272757359,0.154793014086236,0.339324189722538,1.32509180903435,-0.469401345227666,0.12224436698454
0.812467634677887,-0.109889194369316,0.232352775431783,0.13671998977099,0.380451675007741,1.30081414779027,-0.419701338846397,0.114205705719205
1.37989366054535,0.135483458638191,0.196343286341002,0.0617311562521166,1.03746002713839,1.83861916959286,0.0159712347848031,0.264491638647677
0.283186495304108,-0.576124906539917,0.104559956616002,0.158851478246442,0.124197851928572,0.498451473315557,-0.905899245603507,-0.302377220924419
0.23966771364212,-0.656396508216858,0.0851733276977758,0.19742580557844,0.0730781945089499,0.412650413811207,-1.13633093332721,-0.384417871914227
0.325308442115784,-0.520884156227112,0.109878907681817,0.186985302844789,0.0867764682819446,0.523891566693783,-1.06163823799791,-0.280758601857631
0.744773924350739,-0.141260355710983,0.161084474191097,0.117443500482997,0.32870103965203,1.02765360673269,-0.483270361938515,0.0118467404618915
0.339707940816879,-0.488032966852188,0.0955598790668217,0.134437292375941,0.155309074372053,0.523503865301609,-0.808803892718172,-0.281080107354032
0.343179643154144,-0.50366199016571,0.128401280178149,0.203329249541971,0.0921499552826087,0.596585834026337,-1.03553280471981,-0.224327469869414
0.85304594039917,-0.0806021317839622,0.148381699564276,0.120082284151716,0.381531214465698,1.06612086792787,-0.418658156958869,0.0278059445116153
0.70985746383667,-0.164370834827423,0.17570667804333,0.123130626029524,0.363198479016622,1.06392025450865,-0.439860211554524,0.0269089763256202
0.366727203130722,-0.474709570407867,0.140052324728464,0.199863810662029,0.100547223041455,0.646951305866241,-0.997629983859519,-0.189128406578844
2.0191662311554,0.297360956668854,0.367461710868533,0.0862349110514269,1.42446189622084,2.79539976318677,0.153648420960446,0.446443827621165
1.15449392795563,0.053112156689167,0.235564139826273,0.0911329640658247,0.728511822720369,1.6329469949007,-0.13756342342835,0.212972052751182
0.895708322525024,-0.0679260566830635,0.206198429755176,0.158888333716271,0.200383949031432,1.22639642655849,-0.698229150275021,0.0886285272248962
0.561555087566376,-0.270742684602737,0.163629920926639,0.139054107412764,0.265230485548576,0.87514299650987,-0.576377833559564,-0.0579220528454524
0.980367243289948,-0.0159962922334671,0.152046500496702,0.0911801194236395,0.672255653142929,1.23138591647148,-0.172468409039271,0.0903926024724239
0.235215216875076,-0.662935137748718,0.0868052648168569,0.185127637962205,0.0734999181702733,0.406259840726852,-1.13386644302994,-0.391196251241057
0.914078056812286,-0.048602856695652,0.178278530193716,0.0959547054522142,0.508173099160194,1.23361320594947,-0.293991133736136,0.0911789612440089
1.69910883903503,0.224149078130722,0.294552274606224,0.0718034612407532,1.23326122363408,2.50790353417397,0.0910541891775553,0.399310711273901
0.405596196651459,-0.406600922346115,0.0909566676038567,0.123211916487091,0.160905029748877,0.537478864689668,-0.793445556259406,-0.269638650841057
2.08148407936096,0.310170918703079,0.436097981026823,0.0820288373955665,1.46334265271823,3.27441269755363,0.165345876441918,0.515128519045572
0.207346796989441,-0.725620210170746,0.08945848956951,0.202749767711379,0.0684153316542506,0.393220115204652,-1.16484920678132,-0.405364292984539
0.692343711853027,-0.191612079739571,0.244064654928114,0.177090453023463,0.253720675657193,1.18308553894361,-0.595720223935336,0.0730148270999582
0.576821804046631,-0.250574499368668,0.121294029029727,0.107341936018385,0.312607973068953,0.790789927045504,-0.50500035833344,-0.101938871299527
0.272173404693604,-0.608237564563751,0.112294155124535,0.208582589926051,0.0663123240073522,0.540601841608683,-1.17853882334745,-0.267122538751293
0.936082482337952,-0.0329963304102421,0.117267124622625,0.0666366255522674,0.719169336060683,1.14313963055611,-0.143168921160756,0.0580992035465662
1.14725387096405,0.0536492876708508,0.141690541954098,0.0882161549243242,0.95671081840992,1.38743969500065,-0.0192193732614448,0.142211730384776
1.3085298538208,0.111137807369232,0.207480195749213,0.0714913626679427,0.939389968415101,1.76189064383507,-0.0271558057583597,0.245978561300849
0.525470674037933,-0.315379619598389,0.167698148725203,0.209043191494271,0.0990730587393045,0.824111021558444,-1.00509194643683,-0.0840159645943959
0.660559117794037,-0.195016726851463,0.158098392198613,0.120795220360398,0.301005065937837,0.931355511148771,-0.521426382048299,-0.0308847091730749
1.19475388526917,0.0733554437756538,0.145776922237353,0.0627924922076663,0.955287640293439,1.47433571120103,-0.0198659197779466,0.168591236576462
1.27731204032898,0.0987825319170952,0.234346753643568,0.0819275717403447,0.836586477359136,1.77726548612118,-0.0774897005640338,0.249752278844086
0.354042738676071,-0.483865946531296,0.136422148910805,0.175158382593354,0.126351246486108,0.628344431022803,-0.898430404474265,-0.201803305534043
0.518241047859192,-0.307819575071335,0.143130317447617,0.15576446315536,0.193784666682283,0.780636455615361,-0.712945738195781,-0.107551599767427
0.397941291332245,-0.429168373346329,0.149437329095163,0.162935027238719,0.156051687647899,0.684221825997035,-0.806732064797681,-0.16480365439853
0.270240515470505,-0.593416333198547,0.0841187411374111,0.15804650359928,0.0936039829626679,0.433393709858259,-1.02871282803772,-0.363117531358856
1.60775470733643,0.198714360594749,0.229652373229404,0.0974758723479819,1.28797148168087,2.00771854519844,0.109906125724973,0.302702703708417
0.29489141702652,-0.574895858764648,0.119087997131916,0.216635953616909,0.0666081324840585,0.534258859356244,-1.17647776875059,-0.272248322588408
0.755696713924408,-0.128940001130104,0.135761492886367,0.0809999160241866,0.50158599615097,1.0505219489336,-0.299655024914021,0.0214047227371074
2.52142453193665,0.393609076738358,0.538204560817133,0.0800761507535268,1.88722645839055,4.00657518704732,0.275823965751371,0.602773155564407
0.295538187026978,-0.563493609428406,0.102426626232001,0.189038028394337,0.0778428430358569,0.485539958626032,-1.10881860836917,-0.313775227127063
0.835380613803864,-0.0828006342053413,0.120775288549464,0.0645758298904016,0.604652884105841,1.07380920052528,-0.218493880982485,0.030927101128524
1.32745289802551,0.113283827900887,0.176415924190494,0.122301298945565,1.09956246117751,1.56688229739666,0.0412198104531174,0.195035482887256
2.80422592163086,0.440059006214142,0.590661675459904,0.0783865959716663,2.10447942614555,4.63650778929392,0.323144568143853,0.666187075187547
0.92420107126236,-0.0405527800321579,0.145558009353954,0.0783441390802759,0.620107350746791,1.19311468303204,-0.207574745940393,0.0766805461045895
0.54483550786972,-0.271324515342712,0.107662940467982,0.0802657934712088,0.37301817064484,0.748842865725358,-0.428270016287788,-0.125609537513756
0.264825522899628,-0.615067481994629,0.109968486851971,0.187425539013506,0.0909306500727932,0.510053079823653,-1.04129128842561,-0.292384732942095
0.607329785823822,-0.229934170842171,0.155762412329777,0.108845839931051,0.330258410423994,0.892085368931293,-0.481148847138865,-0.0495961880139518
1.85003757476807,0.258061587810516,0.359587917280245,0.09293934393088,1.16625498731931,2.65476317604383,0.0667874084049382,0.424024716098732
3.62070465087891,0.551874041557312,0.727010773223433,0.073509165234788,2.88140955368678,6.0447198232015,0.459604986779888,0.781375946063351
0.756792545318604,-0.128084748983383,0.130882275413751,0.0807107960913267,0.497396499415239,1.02464059690634,-0.303300939378189,0.0105710793737196
0.307269185781479,-0.548037230968475,0.116809381976337,0.184698010224652,0.110482921202977,0.560277152558168,-0.956708865583694,-0.251597500727583
2.5722930431366,0.403155535459518,0.528314417666903,0.0746752789905465,2.03367696603139,4.39329591989517,0.308281660959241,0.642787311031581
1.68340647220612,0.222878873348236,0.20996512475385,0.0536618159826726,1.3402209341526,2.19172493219376,0.127176363408415,0.340784172848601
1.19611084461212,0.0692201629281044,0.181839301040304,0.103857066589236,0.931704885760943,1.50593369305134,-0.0307234157853303,0.177805790192962
2.09488272666931,0.314201831817627,0.381409057675615,0.077571166452492,1.46569499870141,3.04254628022512,0.166043597941867,0.483237050479212
0.642657339572906,-0.213674113154411,0.189103482273493,0.144323063742146,0.276348676284154,1.00168545544147,-0.558547173097118,0.000731277187417442
0.773171246051788,-0.122706949710846,0.165397536881597,0.102459090700132,0.468180333077908,1.12842269937197,-0.329588469870379,0.052471550894193
1.08535099029541,0.0309173539280891,0.153781737147542,0.0650362956400745,0.768814514577389,1.39222725530465,-0.114178450671069,0.143709810048708
1.91871583461761,0.279799371957779,0.239125623970893,0.052440431166664,1.53798864483833,2.53178888956706,0.186952996916103,0.403425965369866
0.545363962650299,-0.281830012798309,0.152875382243963,0.130892443393036,0.258889551460743,0.850769515832265,-0.586888269919054,-0.0701907013004459
0.798273265361786,-0.103209719061852,0.119545276760047,0.0705679188198534,0.544645469387372,1.02117395003637,-0.263890295341532,0.00909967447965125
1.45177412033081,0.158062547445297,0.193169249878631,0.058161990539994,1.10759145518144,1.89629752635956,0.0443795699413263,0.277906406998227
0.530100107192993,-0.292665272951126,0.137844025677976,0.127961904531302,0.232245665540298,0.790307897826036,-0.634053853326195,-0.102205891834202
1.65700769424438,0.214290112257004,0.244343246301858,0.0687713233705575,1.29416945576668,2.28440315127373,0.111991097045231,0.358772505754437
0.791046977043152,-0.117827735841274,0.197389733581777,0.125403757982188,0.369612114379803,1.16718173623085,-0.432275974819477,0.0671365274899736
0.618649661540985,-0.221617817878723,0.145012177817154,0.110004939833989,0.340463292350372,0.901513649026553,-0.467935633993203,-0.04502966948694
0.515108942985535,-0.311967074871063,0.150787498660887,0.156727407203019,0.161111228416363,0.808023866514365,-0.793111375121834,-0.0925798038180398
1.17913150787354,0.0654406920075417,0.196300107730577,0.0736538602712809,0.812370965878169,1.59842542608579,-0.0902476428718461,0.203691442864471
0.426999151706696,-0.378143727779388,0.0795429536268398,0.0902073437797608,0.245514925693472,0.567319578925768,-0.609923124863464,-0.246173561655908
0.25995272397995,-0.636006355285645,0.134458392071669,0.219066595129027,0.0683175306146344,0.496652377645175,-1.16550133292065,-0.303947532316392
0.348597705364227,-0.487368792295456,0.100406115631859,0.191431549891439,0.0868368589008848,0.51861020475626,-1.06138156327833,-0.285159049365065
1.4365690946579,0.144694864749908,0.218005351955115,0.141105460243889,1.02820072571437,1.74752428531647,0.0120713276823984,0.242423164687854
0.916428506374359,-0.0440584532916546,0.1152835635899,0.0894629035835602,0.692294764022032,1.07796645561854,-0.159711048847719,0.0326052337566971
0.349694848060608,-0.498889625072479,0.139813518985996,0.211898688888162,0.0985282031819224,0.657128715018431,-1.00644693955296,-0.182352832256798
0.418840229511261,-0.413868069648743,0.169384605735336,0.182639717303437,0.149313336610794,0.79602237145106,-0.825906903538929,-0.0990747274380968
0.708049356937408,-0.16199566423893,0.132355865691831,0.118923857747431,0.29628258695205,0.908155500888824,-0.528904799506164,-0.0418403717598451
0.733844339847565,-0.151492804288864,0.200017198553303,0.125465094060591,0.372081246723731,1.16158039271832,-0.429362591210975,0.0650492586294524
0.489839643239975,-0.334162980318069,0.150868782765526,0.154079289875554,0.180415743341049,0.795767400662104,-0.743757604763949,-0.0992139937862133
1.15771949291229,0.0604980550706387,0.128722435491209,0.0554496500550064,0.940474596122901,1.44309315681458,-0.0266529482483036,0.159294019247326
3.26549601554871,0.50729513168335,0.646906596715919,0.0719980492691848,2.61010499199231,5.24648785591125,0.416657976097952,0.71986687033973
0.770050823688507,-0.117244817316532,0.105548916478606,0.0563628046607954,0.604950669407845,1.0336723079284,-0.218280136741998,0.0143817636364012
0.810837388038635,-0.104930996894836,0.18740895166719,0.117393586621143,0.457200436790784,1.15751148760319,-0.33990019330405,0.0635244675123519
0.601430594921112,-0.263690114021301,0.203079777965553,0.233092406681607,0.0782052989428242,0.957434723774592,-1.10678825919951,-0.0188908576867894
0.560508787631989,-0.279338985681534,0.199796083177421,0.16002720774719,0.23437732073168,0.931180976331234,-0.630084425377173,-0.0309659678901559
0.370852530002594,-0.478609353303909,0.136316921462387,0.246826179421384,0.0528576600675782,0.625519437591235,-1.27698348983237,-0.20375923939047
0.28113779425621,-0.586171925067902,0.116485699640337,0.179564703570985,0.0964499612649282,0.512603255112966,-1.01569862128383,-0.290218685763001
0.696528136730194,-0.162937387824059,0.111850604195822,0.0727599224700929,0.480916698276997,0.91737904548645,-0.317937106593388,-0.0374511989237581
0.754188299179077,-0.139432862401009,0.195944117642707,0.127647365018071,0.35668220197161,1.14134099582831,-0.447719119351584,0.0574146576181206
1.11162972450256,0.036295548081398,0.16378413154063,0.117323085708951,0.837052834033966,1.36441697478294,-0.0772493864381479,0.134947086128015
0.350080847740173,-0.499268233776093,0.142431327288534,0.210702058296488,0.099200042275091,0.657921878496806,-1.003489705434,-0.181825868727451
0.294402539730072,-0.565910160541534,0.100489477552702,0.197831089357613,0.0694213744873802,0.488119139273961,-1.15855840132561,-0.311474249007105
0.650046408176422,-0.211994737386703,0.206404474959729,0.154673551161729,0.256461035956939,1.06061486701171,-0.590991280477404,0.0255568263215248
1.98840320110321,0.292162418365479,0.352001625893777,0.0734314254013663,1.4265384187301,2.86275463104248,0.154283437462075,0.456784125730025
0.567000985145569,-0.251908183097839,0.0889557093632348,0.069891663636358,0.385464407255252,0.75363623847564,-0.414015799618457,-0.122842873975788
1.22852778434753,0.0792576298117638,0.262458822449356,0.095304295507232,0.74775182257096,1.77537798285484,-0.126243912202464,0.249290829184727
1.04136800765991,0.0111867599189281,0.193729162633866,0.0724419202552347,0.773074231048425,1.62767923076947,-0.111778946979922,0.211537810958974
0.512253105640411,-0.306041032075882,0.125387299573778,0.123114824455488,0.231658413012822,0.73685335367918,-0.635151930200362,-0.132619244693808
0.481513261795044,-0.347243100404739,0.156542890933012,0.179074412860012,0.143679252515237,0.794486738244692,-0.842607905780918,-0.099914381297962
0.893736839294434,-0.0567155890166759,0.166257065626451,0.0846159579453883,0.564744104941686,1.22665261228879,-0.248149042003646,0.088721475033247
1.39593648910522,0.141966328024864,0.164434357838566,0.0498707627512322,1.13937645455201,1.78149933715661,0.0566669474890931,0.250785468590883
1.82491660118103,0.253938615322113,0.252352169357009,0.0978141319044315,1.56110476255417,2.39438282847404,0.193430281112728,0.379193305903261
1.58584141731262,0.186299994587898,0.396429593666089,0.112107967075452,0.880183132489522,2.46947625080744,-0.0554319061511422,0.392604834592078
0.529876947402954,-0.292228490114212,0.128763640153416,0.129681079199993,0.224803889666994,0.754845727980137,-0.648262178682594,-0.12214184517331
0.618919312953949,-0.220534160733223,0.139667262962541,0.106231259874167,0.340008053183556,0.891847564280033,-0.468512206415551,-0.0497095931279722
0.190603017807007,-0.754312872886658,0.0748646948641368,0.178456662329941,0.0689386940871676,0.362174154569705,-1.16154430495607,-0.441083126454497
0.405044734477997,-0.43096062541008,0.157602270004204,0.200259751904545,0.102765382950505,0.705610079069932,-0.988153960231086,-0.151436624800708
0.892710626125336,-0.0573136061429977,0.137494691832992,0.0975732259688788,0.628997753063838,1.12350978255272,-0.201352792080388,0.0505768401005811
0.235892847180367,-0.666201651096344,0.0911558679324864,0.197723706612123,0.0702355266238252,0.436118672788143,-1.15345337826773,-0.360395913745146
0.345730513334274,-0.491093218326569,0.115768041442878,0.173144060705485,0.122347580082715,0.557845472792784,-0.912404755555949,-0.253486416029807
1.46748697757721,0.161522254347801,0.229355499467683,0.0658127191731027,1.07792704304059,2.0121012767156,0.0325890919039095,0.303649743237743
0.474560797214508,-0.347492516040802,0.153388645956331,0.148797971569404,0.203056161478162,0.804002962509791,-0.692393451496426,-0.0947423547106976
0.643964469432831,-0.210737302899361,0.155574207385694,0.151345922145344,0.187542874614398,0.884562907119592,-0.726900206425108,-0.0532713035545811
2.51428389549255,0.394447982311249,0.482375725766615,0.0673260726319328,2.11038378079732,4.07992848952611,0.324361275804307,0.61065246952148
0.343961834907532,-0.511950969696045,0.138808901340825,0.231681469859148,0.0702971536045273,0.625395395358403,-1.15306241419599,-0.203845369094812
1.84005546569824,0.260348320007324,0.260114478575359,0.0639383865560201,1.43396447002888,2.49253192941348,0.156538386435296,0.396640623734879
0.492155611515045,-0.343518823385239,0.199080587610328,0.181233452173083,0.181402298187216,0.920334039628506,-0.741358519302187,-0.0360549777683921
4.19593954086304,0.614466965198517,0.969003797940979,0.0793318985888094,3.34358269969622,7.2242506702741,0.524211923636591,0.85879267734787
0.726765930652618,-0.150833770632744,0.151519962860022,0.11289801804381,0.339715494960546,0.99128298908472,-0.468950468999943,-0.00380335407532287
0.351916819810867,-0.487504988908768,0.115011136368387,0.196347223272086,0.0777652034536004,0.554526155193646,-1.10990901891259,-0.256090453251138
0.579116880893707,-0.260363459587097,0.182662305511265,0.146521277547774,0.260692884524663,0.967837957044442,-0.583872301327389,-0.0141973703225876
1.05320394039154,0.0189023818820715,0.151112317272877,0.0534174290582707,0.885777848958969,1.55093402763208,-0.0526751989339466,0.19059239504573
0.158842623233795,-0.842847287654877,0.0855972860030004,0.191852623243569,0.0572343799285591,0.307472776124875,-1.24234353787639,-0.512195820193834
1.81893718242645,0.255657017230988,0.257718011129039,0.0597651258771911,1.41469132701556,2.46405103007952,0.150658994949466,0.39164952435281
0.857388436794281,-0.0777726694941521,0.176588061263183,0.103334020163224,0.434213967621326,1.17312341034412,-0.362310604424961,0.0693420775297759
0.263590842485428,-0.625924944877625,0.106291502322086,0.233087260410498,0.0408827883191407,0.462774988015493,-1.38845965443915,-0.33463215569788
1.53055047988892,0.159631446003914,0.300513036462583,0.214676748739507,0.401867059866587,1.99727363884449,-0.395925782673316,0.300431909127618
1.11140608787537,0.0332237370312214,0.268757705245342,0.106455561818136,0.645510749518871,1.70380464990934,-0.190097635416554,0.231419798273994
0.54201328754425,-0.286425441503525,0.147105502291861,0.146450719145949,0.240258575975895,0.819949833055337,-0.619322475582246,-0.0862127195897355
0.996919751167297,-0.0129947979003191,0.12990384899524,0.143532070013055,0.80614411731561,1.13680038054784,-0.093599119435077,0.0556842035393108
0.363427519798279,-0.465109020471573,0.106860484209647,0.167683808807186,0.0964867444708943,0.542166319489479,-1.01553239264283,-0.265873035253067
1.329549908638,0.117491148412228,0.263543344889387,0.0684873269015222,1.08405279914538,2.26556462248166,0.0350502840622712,0.355078565327931
0.484318315982819,-0.329762101173401,0.117460485234863,0.119735740135621,0.24165041508774,0.706534231702487,-0.616812586892859,-0.150868296186787
0.767106771469116,-0.123260229825974,0.119922014168028,0.0970495451236031,0.46752789268891,0.95519779920578,-0.330192688838963,-0.0199067553948192
3.18934845924377,0.495459049940109,0.712367370039828,0.0797604475900413,2.44747769435247,5.40580073992411,0.388718717768721,0.732848300236619
2.98742055892944,0.468835949897766,0.568821119745513,0.0718207066140368,2.28674263556798,4.87851582368215,0.359216549680753,0.688287293995503
0.949076652526855,-0.0382085889577866,0.247759720399905,0.118925647174812,0.498504131038984,1.47407510677973,-0.302334142101103,0.168519168604804
0.64720207452774,-0.203910261392593,0.16180241489182,0.118480082452381,0.338838371386131,0.977367144326369,-0.470009815210173,-0.00994226461106878
0.580813705921173,-0.255051046609879,0.172531667053832,0.130912527989705,0.274810419728359,0.950497984389464,-0.560969241740435,-0.0220685624126443
2.01300406455994,0.29776731133461,0.373069682597432,0.0694409200234264,1.59450497428576,3.24264576633771,0.202625876927321,0.510897989592363
0.491712599992752,-0.318573147058487,0.10416649033611,0.0970088720163182,0.29294930746158,0.701110792656739,-0.53322317982512,-0.154213389061696
1.10544955730438,0.038928035646677,0.150366322919479,0.0666195200597522,0.798150645196438,1.38162849744161,-0.0979157511126183,0.140391119285255
1.62014281749725,0.205102428793907,0.242687232747055,0.061150306797491,1.25219811995824,2.23269859353701,0.0976728413437674,0.34882816513341
0.220746710896492,-0.717254340648651,0.124591939926155,0.245669620091358,0.047714096494019,0.438414071997007,-1.32144700356763,-0.358115534392381
1.93280208110809,0.275192439556122,0.461812207724607,0.0958948307563337,1.23963042398294,3.20160900553067,0.0932752154892546,0.505367910029997
0.65815794467926,-0.190869897603989,0.125777893732441,0.0936587754110515,0.36141122529904,0.881804610788822,-0.442046796132993,-0.0546277217228689
1.6258989572525,0.207464799284935,0.214742341817612,0.0558734540102738,1.28512540757656,2.1736016134421,0.108945506615467,0.337179223731034
0.289524376392365,-0.587927579879761,0.163518041956463,0.208101913944496,0.0930948800096909,0.557258892059326,-1.03109207302844,-0.253979376445882
0.527271032333374,-0.326152831315994,0.19197637933359,0.251549730509919,0.0852751868466536,0.867049013574918,-1.06917741268255,-0.0619564130837674
0.735047340393066,-0.146662086248398,0.150964589156177,0.119761984627348,0.328807257612546,0.992113490899404,-0.483072967480294,-0.00343961312139721
1.9241828918457,0.277761846780777,0.388022162501301,0.0701711976613864,1.53407441874345,3.17540523608525,0.185845155742502,0.501782496493723
0.666133105754852,-0.179512903094292,0.0761700654426234,0.0529951781337684,0.503541161616643,0.809669099748135,-0.297965834553409,-0.0916924497943307
0.714606463909149,-0.17594601213932,0.262163140798768,0.168058742767403,0.26770134617885,1.2471979667743,-0.572354835883478,0.0959353757909573
0.96670800447464,-0.0190940536558628,0.136474186277331,0.0621701173683701,0.71011854360501,1.2508117556572,-0.148672334930675,0.0971906447449267
1.02905452251434,0.00733221042901278,0.147095024140243,0.0700979369735305,0.761582645277182,1.3095851868391,-0.118282998508049,0.117132299819242
0.267750173807144,-0.618945419788361,0.122425428745467,0.212661164540184,0.0753487712393204,0.527187216281891,-1.12293099324566,-0.278035141899513
0.550952613353729,-0.273655444383621,0.133234538571989,0.119669930566665,0.291573985914389,0.793560091157754,-0.535251926364156,-0.10042020651078
0.712552964687347,-0.186184942722321,0.283613552106249,0.196212298057983,0.212136403471231,1.28404110173384,-0.673385283613531,0.108578920046647
0.183114796876907,-0.77118706703186,0.0710790362170753,0.178459522187762,0.0670530055339138,0.327733675638835,-1.17358177471661,-0.484479003345069
3.80156636238098,0.568762063980103,0.994368701245914,0.0940339784296076,2.60672466953595,6.43443259795507,0.4160951484624,0.808510175636223
1.37121772766113,0.131409674882889,0.213242659728112,0.0727592472701739,0.981300459802151,1.78417005737623,-0.00819857479464307,0.251436091631722
0.864076375961304,-0.0777638703584671,0.190858797626036,0.124356431054139,0.409962280094623,1.20030672351519,-0.387806557964656,0.0792922382325548
0.419303178787231,-0.398288160562515,0.118847227761868,0.143042207565705,0.160418448473016,0.664099135994911,-0.794748816098855,-0.177768214719337
0.942306220531464,-0.0394287295639515,0.230575052088748,0.11089292591154,0.521704145272573,1.42413799365362,-0.282577972139223,0.153552056292124
0.753507614135742,-0.14743672311306,0.238528014435095,0.152546484860647,0.305419785777728,1.23204126258691,-0.515135211272237,0.0906241061735355
0.222421005368233,-0.693926155567169,0.0822552506334754,0.21193343394819,0.0464294086831311,0.383255384365717,-1.33321217747236,-0.416526821951119
1.35881495475769,0.127036690711975,0.191318949428371,0.0833363594558746,1.05097527205944,1.70081941584746,0.0215919613310882,0.230657696935046
0.337041825056076,-0.496488630771637,0.0988849636647699,0.158862277251224,0.118371148904165,0.527460337678591,-0.926782853058333,-0.277810193120542
0.597411870956421,-0.236086428165436,0.13735220481662,0.106609130931778,0.32244586199522,0.861324015756448,-0.491551517505169,-0.0648335900820419
0.848580777645111,-0.0808048099279404,0.152738688912897,0.101530574402421,0.512997875114282,1.12900676329931,-0.289976713990896,0.0526965296240507
0.581696331501007,-0.261548459529877,0.182515672017338,0.163430056457161,0.200762029488881,0.944444004694621,-0.697321819143539,-0.0248238035440893
1.37051963806152,0.123530119657516,0.251606088617435,0.132044902073127,0.811901943385601,1.78710655669371,-0.0929047564435736,0.252150433594877
2.04637455940247,0.304003328084946,0.439210765552991,0.0717598932812838,1.71615005036195,3.47993066310882,0.234555204634688,0.541475298460594
2.012934923172,0.300468802452087,0.257719124154598,0.0542724732927934,1.74487612148126,2.85299155712128,0.241764596545704,0.455300409557379
0.177122488617897,-0.790711104869843,0.080873761417605,0.187000075094825,0.0637153035029769,0.337484048306942,-1.19575624777694,-0.47174682690624
1.21456384658813,0.0795246139168739,0.191092126345033,0.0641053781704597,0.924693072338899,1.69417193134626,-0.0340037647013653,0.228957279632448
0.740907430648804,-0.136978521943092,0.12209734808036,0.0802357825487284,0.485147883494695,0.968689103921254,-0.314163113852043,-0.0138159141753424
0.378129303455353,-0.446710139513016,0.120842087636818,0.151752805197647,0.15569144214193,0.644446352620919,-0.807746338957627,-0.190814328095287
0.516163349151611,-0.304322183132172,0.128892840063618,0.132015755551166,0.213100467994809,0.753522909184297,-0.671556504684398,-0.122903976501515
2.22371578216553,0.339610695838928,0.4002523043755,0.0828494890170277,1.51325111289819,3.1161162118117,0.17991099598636,0.493613250792754
1.20119512081146,0.0697558298707008,0.193279394312025,0.111390581513834,0.817185893158118,1.49530405501525,-0.0876982211448716,0.174728844111512
0.979172587394714,-0.0189270917326212,0.193812898070816,0.0966409258733705,0.552622286975384,1.33562031586965,-0.257572146234311,0.125681505011661
0.570199072360992,-0.278710722923279,0.216672199932077,0.182585810449367,0.194598017881314,1.03501556515694,-0.710866044320422,0.0149459178129234
1.03077065944672,0.0102025177329779,0.122919629924691,0.0504313874235194,0.838744976619879,1.30452840328217,-0.0763700707217137,0.115453517789729
0.927510440349579,-0.035795982927084,0.110764456836031,0.052247009536703,0.716798490782579,1.14495725731055,-0.144603130989661,0.0587892705111556
1.93737018108368,0.277832359075546,0.450781550151123,0.0863389370909545,1.36015082001686,3.39361912806829,0.133586008210514,0.530662826022721
0.880248785018921,-0.0627587139606476,0.150121311465616,0.0842999003780459,0.581840601563454,1.15641861160596,-0.235197032530635,0.0631147368319066
0.201018199324608,-0.728948831558228,0.0783300926399669,0.170981980748439,0.0785155901685357,0.372931145131588,-1.10505132132457,-0.42837197150263
0.186582162976265,-0.776542127132416,0.0789139488921081,0.223686386754201,0.0509948945293824,0.358494582027197,-1.29254078392684,-0.445518094616311
0.698320686817169,-0.173446491360664,0.14917526610146,0.150685164368628,0.250764603540301,0.944389632840951,-0.601844631109306,-0.0248494211972842
0.344080537557602,-0.498497873544693,0.131243398477656,0.18422401072891,0.117765587133666,0.586900878945986,-0.928981951359487,-0.231435261647446
0.25254499912262,-0.630994260311127,0.0988967781442984,0.175660436226789,0.0906349152326584,0.469475975632667,-1.04271330298462,-0.328396688794588
0.42624032497406,-0.387927621603012,0.114435953668369,0.129012345955532,0.195805828024944,0.66384378572305,-0.708174916392436,-0.177936802472418
0.635986626148224,-0.212009012699127,0.155089425268604,0.1235074475843,0.291935386011998,0.936582593123118,-0.534717078163335,-0.0284546708953835
1.14745616912842,0.0537869408726692,0.18896031928745,0.0727478607277359,0.820453387498856,1.55602476894855,-0.0859463777810532,0.192015698029211
1.12807881832123,0.0501581095159054,0.12279226436689,0.0419265114271853,0.987851320703824,1.57516794602076,-0.00530842389391813,0.19732630695316
0.864899337291718,-0.0719959661364555,0.164862668276134,0.0927775582853966,0.53584242562453,1.18730713327726,-0.270967403516046,0.0745586293875113
0.674810111522675,-0.187143370509148,0.168069964232124,0.127928886702266,0.314278242985408,0.989566515386105,-0.502688709475956,-0.00455501075899489
0.467121452093124,-0.355987966060638,0.149809892705733,0.156175738807349,0.189856064071258,0.777291559179624,-0.721583415115358,-0.109416061032091
1.45323038101196,0.157442212104797,0.19136259982576,0.0715493486690748,1.13449525435766,1.80716344813506,0.054799320680766,0.256994244899753
0.165226981043816,-0.819010376930237,0.069078912645719,0.185317158294719,0.0575484306551516,0.309299597640832,-1.2399699991337,-0.509621664858074
0.607939779758453,-0.227482989430428,0.131539789230787,0.103095204029716,0.340419775992632,0.862649967769782,-0.467986670008541,-0.0641658582808934
0.746261715888977,-0.131205826997757,0.099058088939967,0.0611645966312963,0.555495455861092,0.943211972216765,-0.255319679484072,-0.0253908036755724
1.44000446796417,0.155211329460144,0.188378995635316,0.0505689783094165,1.23152429461479,2.05332249005636,0.0904429836891892,0.312454078611236
0.46067687869072,-0.363321423530579,0.145541999948202,0.16356471019836,0.158854061986009,0.736292168001334,-0.799096701630673,-0.132950144429021
0.303456902503967,-0.570090353488922,0.116282216819777,0.263684039365126,0.0292147448286414,0.532414150238037,-1.53607055093557,-0.273750516889697
0.49481999874115,-0.328955709934235,0.142874716232382,0.155621665962922,0.168378081793586,0.745655179520448,-0.773715210020044,-0.127462715907913
0.657862901687622,-0.20141613483429,0.182931873683993,0.137548835437519,0.279444049050411,1.0184823602438,-0.553705141746828,0.00795350247659175
1.33483254909515,0.120542846620083,0.190095059729747,0.0679943420198539,1.02724662125111,1.72159607211749,0.0116737450442368,0.235929165782479
0.506704449653625,-0.326061099767685,0.173544835049884,0.176152515404949,0.178908622140686,0.845997045437495,-0.7473781834936,-0.0726312444013129
1.46784591674805,0.162096351385117,0.224188659390062,0.0618510624460723,1.15170138974984,2.10597648024559,0.061339742923881,0.323453495491053
0.324309974908829,-0.532307267189026,0.125247040653674,0.218082798411336,0.0797944445783893,0.564016538858414,-1.0980313534078,-0.24871024463439
0.406029105186462,-0.425946950912476,0.140006313724434,0.197295148925167,0.130273010333379,0.676754512886206,-0.885145567395742,-0.169568843671911
3.1757800579071,0.49517959356308,0.586973545912938,0.0746608510368023,2.32930096586545,4.85960981448491,0.367225519740864,0.686591816407457
0.643255591392517,-0.196062162518501,0.0903154306365237,0.0630381224334418,0.470606775581837,0.817006804049015,-0.327341951128985,-0.0877747183335117
0.332477122545242,-0.507216393947601,0.107526996502371,0.172461500631344,0.112178385195633,0.53119183977445,-0.950094486387751,-0.274748649207444
0.497075736522675,-0.335383117198944,0.163893482021873,0.185745504371719,0.138348509495457,0.814025975267092,-0.859032731797625,-0.0893618782733188
1.00214314460754,-0.0138982133939862,0.263149535287921,0.114588361236049,0.557440794010957,1.59717072248459,-0.253801253751725,0.203350765734543
0.682912051677704,-0.186276897788048,0.190757069019881,0.143164012279215,0.268408068766197,1.0469712416331,-0.571205353188376,0.019933006386518
0.735292851924896,-0.146010741591454,0.152472105728957,0.115607812287026,0.370329085985819,1.00226499934991,-0.431412206212699,0.000982561461116028
0.524834513664246,-0.302920460700989,0.160893389527034,0.147304407623762,0.223886869351069,0.853425921003024,-0.649974401264022,-0.0688341708000289
0.459255665540695,-0.366870552301407,0.171043541478264,0.164788428284606,0.160823787997166,0.780139593780041,-0.79364996991804,-0.107829027414317
1.66008567810059,0.212944328784943,0.33141041101544,0.0761949339223308,1.23979028860728,2.58182564973831,0.0933481714047525,0.411925519838234
0.525365710258484,-0.292531728744507,0.127064604597305,0.107988786315013,0.298352873573701,0.796644216775894,-0.525273010059985,-0.0987367496639222
1.44803178310394,0.153409421443939,0.195744285138336,0.0998798792575812,1.15120698809624,1.77861901919047,0.0611528833438388,0.250082907024496
1.85287666320801,0.264021128416061,0.254365901104767,0.0569323598489157,1.45656263828278,2.54230250914892,0.163329165843621,0.405226138600418
2.01504611968994,0.298058211803436,0.370600362347993,0.0710851679851581,1.52969728708267,3.05507384737333,0.184605387288961,0.485021495137435
0.548027276992798,-0.294191658496857,0.192216220120902,0.182861063286013,0.184919026618203,0.917418748140335,-0.733043315833473,-0.0374334929941802
0.74785989522934,-0.130290016531944,0.0863568817979368,0.0676468499725714,0.59519536793232,0.884950430691242,-0.22534118919345,-0.0530810805905114
0.434040397405624,-0.377873569726944,0.100760008362467,0.126526754829845,0.174809830635786,0.604914813737074,-0.757458748894213,-0.218306147198963
0.564479172229767,-0.279828101396561,0.151689886850032,0.211898565824448,0.102704702007274,0.808678993582726,-0.988434885558841,-0.0922239193711469
2.18807578086853,0.329844415187836,0.513848481078843,0.0916013715615956,1.46320723891258,3.68723141352335,0.165305778305361,0.566695530143896
0.916686534881592,-0.0497601926326752,0.229838292908345,0.100737901354604,0.559006513655186,1.43479245007038,-0.252583135837336,0.156787118814215
0.973136007785797,-0.014951809309423,0.115732349520944,0.0525730101377522,0.759346974889437,1.20437951783339,-0.119559843612621,0.0807633571434063
0.601473867893219,-0.231336519122124,0.118519488864495,0.10298865617915,0.293965268383423,0.811340920627117,-0.531704062092448,-0.0907966489649392
1.31621360778809,0.113639861345291,0.22378661351621,0.0690831054235136,0.984828067819277,1.92019951939583,-0.00663959393470008,0.283345681276687
0.949137508869171,-0.0269138086587191,0.132758662587737,0.061018676440344,0.702857751647631,1.23916635413965,-0.153132654581316,0.0931287038646731
0.753471493721008,-0.129574030637741,0.130549455282758,0.0766717634707492,0.508910921712716,1.01949402391911,-0.29335825068735,0.00838273203852823
0.284789890050888,-0.586171865463257,0.128998484992124,0.194430237323908,0.0877807145317396,0.534928913911184,-1.05670351549454,-0.271704959798918
1.23450374603271,0.073989026248455,0.344513792343902,0.126074545850263,0.628808451195558,1.99966370860736,-0.201481995447121,0.300953892691538
0.751147866249084,-0.171766027808189,0.230605577811481,0.273571281403719,0.0686584576964378,1.1269582003355,-1.16330907577033,0.0519078066415935
1.15954494476318,0.0598673336207867,0.166723213189687,0.0619800817331247,0.854049333930016,1.53620514571667,-0.0685179819889943,0.186449214968898
0.772441565990448,-0.127914920449257,0.202243717977218,0.121579170193388,0.358837837477525,1.22010294695695,-0.445104153025042,0.0863959899536418
1.15631401538849,0.0553987473249435,0.222400367669747,0.0815109201371038,0.768855780363083,1.65193466246128,-0.114159230282189,0.217992564884162
0.553852438926697,-0.295674234628677,0.217744414786198,0.195108469251845,0.175887216255069,1.01315488815308,-0.754792076364399,0.00567437803971778
1.42415463924408,0.149834588170052,0.170165260346103,0.0622298597760138,1.24503246843815,1.91253688037395,0.0951806387325827,0.281609515767884
1.31946706771851,0.11571142077446,0.199839438495551,0.0631847828100186,0.992229755222797,1.79945920606454,-0.00338776650637992,0.255140428139882
0.954839408397675,-0.0338606126606464,0.229055207775247,0.113817331807765,0.486644529551268,1.42371453642845,-0.312790968731844,0.153422466741353
1.43120133876801,0.151798263192177,0.202719889658039,0.0568998996102071,1.14736691912015,2.03862604697545,0.0597023020269051,0.309336812418616
0.604679048061371,-0.241583243012428,0.218983380958133,0.140648740512882,0.274798601865768,1.05053982436657,-0.560986528633265,0.02140164238911
1.5615599155426,0.188238501548767,0.220221288886984,0.0749973440693434,1.27790693442027,2.14287976225217,0.106499170793356,0.33099763134765
0.541327238082886,-0.284621804952621,0.149489950717034,0.129680820660765,0.267516943315665,0.836360512673855,-0.572648747370521,-0.0776064954131613
0.708764672279358,-0.170989185571671,0.147926731729807,0.177998325830928,0.145962251164019,0.907156594097614,-0.847190213721822,-0.0423177967820532
1.3150759935379,0.112690396606922,0.176280124377704,0.0877902968300298,1.05504310925802,1.6254688590765,0.0232702041135512,0.210978650481924
1.29637467861176,0.101895071566105,0.334312055135685,0.0920162926615821,0.883241648972034,2.29068153103192,-0.0539206149820223,0.359932676177267
1.48346555233002,0.161663085222244,0.198010887548064,0.121324292808335,1.26935710906982,1.78779010872046,0.103581437078412,0.25231623089178
1.61522376537323,0.204566612839699,0.22572010558713,0.0546806876162902,1.32488858898481,2.3059459845225,0.122179248548482,0.362847460881754
0.860852241516113,-0.0720408409833908,0.138065719203451,0.0840468590084457,0.586273215711117,1.09296411673228,-0.23192520417218,0.0386056291415469
0.234849914908409,-0.678350746631622,0.118869884264815,0.208698388974904,0.078805691562593,0.479387904703617,-1.10344242032699,-0.319316580452294
0.310491353273392,-0.533835530281067,0.0993141446001422,0.15974290938118,0.122745890170336,0.519072133302689,-0.91099369402875,-0.28477404054502
0.317171663045883,-0.529798448085785,0.113182950120862,0.172425844979051,0.111892932653427,0.55451671530803,-0.951199610211913,-0.256085512702164
2.40341901779175,0.374764889478683,0.431963148492352,0.0704231550463442,1.83907819191615,3.67133454283078,0.264600159147792,0.564822997546549
0.615491807460785,-0.225293710827827,0.141755842151545,0.121726195722218,0.304143729060888,0.862914512554804,-0.516951586696413,-0.0640326293238746
0.637835741043091,-0.203934744000435,0.115760145271617,0.0919267871444873,0.337114036083221,0.841976287464301,-0.472230941357138,-0.0747001662037649
0.781089842319489,-0.118828736245632,0.175779019447586,0.102162555462932,0.454325419912736,1.12050740520159,-0.342633700525094,0.0494146100084309
2.63266468048096,0.410299897193909,0.599344648640881,0.0920370794208424,1.78355684280395,4.30575110912323,0.251286524725449,0.63404588937947
0.634979069232941,-0.217545375227928,0.157711536857021,0.154230320737008,0.226168715332945,0.902766607205073,-0.645720648616928,-0.0444261225282565
0.8159339427948,-0.108437545597553,0.207902998328457,0.149327215498282,0.262199704100688,1.18669118980567,-0.581369290048301,0.0743361653059393
0.300887227058411,-0.558022856712341,0.106395661734718,0.200055487579868,0.0687419944753249,0.501577037572861,-1.16290711526867,-0.299671000243028
0.311640024185181,-0.5460324883461,0.108982296551263,0.213976052851159,0.0586577026173472,0.512003286679586,-1.23184862561803,-0.290727251626477
0.799020409584045,-0.104037679731846,0.146232649362864,0.0745860878567385,0.564709771176179,1.166431098183,-0.248174701439599,0.0668507642604527
0.610064089298248,-0.221041798591614,0.0980421642676416,0.0780214159436155,0.396492519726356,0.784921761850516,-0.401765080652263,-0.105173645783402
0.879380941390991,-0.0724115744233131,0.234746082907995,0.12373436257032,0.439516089608272,1.35103055636088,-0.357031210389911,0.130663929920855
0.979191064834595,-0.0145058203488588,0.135252715012576,0.0749241379434887,0.746742549041907,1.21494217415651,-0.126829159995163,0.0845553940456927
1.11343896389008,0.0364767387509346,0.194679062769185,0.109503972272969,0.738709925611814,1.44612276156743,-0.131526251085954,0.160205081835208
0.520881175994873,-0.305306255817413,0.148152806171011,0.149138689283355,0.199501686667403,0.788620066146056,-0.700053812184311,-0.103132220243502
1.39145982265472,0.131386950612068,0.323698695307946,0.104561902792104,0.787993049124877,2.04030960003535,-0.103481457355484,0.309696070664451
0.478764981031418,-0.333815306425095,0.11829546644551,0.112678936705673,0.266256751865149,0.704662548998992,-0.574700075904441,-0.15201884635313
0.582421720027924,-0.262049853801727,0.173569744400556,0.173674091928998,0.174651117250323,0.884711820383867,-0.757828679067013,-0.0531991310604387
1.62064039707184,0.205250948667526,0.230759639141384,0.0632163657051346,1.27500309844812,2.19881176352501,0.105510695071021,0.342187997451553
0.487503498792648,-0.335093379020691,0.132534015625762,0.158537628786179,0.144559267163277,0.701149106522401,-0.839954712825204,-0.154189615433108
0.647722780704498,-0.197518616914749,0.120382121458514,0.0930882033113543,0.362340693672498,0.871481171747049,-0.440930179819411,-0.0597433565755612
0.490877449512482,-0.325160890817642,0.126357242658691,0.12396364572973,0.256498932093382,0.750827677051226,-0.590914568564948,-0.124460606150757
0.512115478515625,-0.301176428794861,0.105635788884285,0.100475171589936,0.301579289883375,0.722230330109596,-0.520620025769893,-0.141324357970264
1.56787276268005,0.186845749616623,0.310759849214256,0.0861649321442078,1.01524585982164,2.28453179796537,0.00655669911966993,0.35879679184915
0.422861993312836,-0.396247684955597,0.113946498711669,0.158104583285363,0.14901523180306,0.613200328250726,-0.826770654017217,-0.212397688217412
1.2781388759613,0.0978299155831337,0.244950735712806,0.0908830180120329,0.812337785959244,1.74725738366445,-0.0902635657975398,0.242356834821448
0.383067429065704,-0.472874104976654,0.207138852281273,0.23625145606445,0.0795556693027417,0.73975933343172,-1.09939042257111,-0.130921419987915
1.2472048997879,0.0886612758040428,0.18819058914525,0.0903986607790224,0.921231422821681,1.56159535944462,-0.0356320257390086,0.193568378846101
0.601176381111145,-0.231361404061317,0.111429210412821,0.1054338158926,0.276628621419271,0.775861582159996,-0.558223841026775,-0.110215992790237
0.996482789516449,-0.00680516567081213,0.140828687125184,0.0733050204016095,0.740274354815483,1.26272865434488,-0.130607329847368,0.101310028668958
0.611607670783997,-0.239652752876282,0.154468235999751,0.183907970430143,0.10586957950145,0.834860621889432,-0.975228871112578,-0.0783871835666379
1.03261315822601,0.00612700171768665,0.175782823555579,0.089046099056137,0.681002322336038,1.36610883176327,-0.166853109092792,0.135485296299702
1.99322116374969,0.294190376996994,0.344618102131586,0.0655735555028866,1.55433650712172,3.11089291572571,0.191544402549618,0.492865481994478
2.74353933334351,0.432565301656723,0.506053960778301,0.0668388712911851,2.25435489614805,4.42638717889786,0.353022080133245,0.646049041590893
2.37828302383423,0.371667206287384,0.37347906352222,0.0611100424081713,1.91822969317436,3.54597981770833,0.282900560626768,0.549735093139411
0.827131450176239,-0.099113829433918,0.185304151687931,0.142806516903896,0.483550376693408,1.16925852100054,-0.315559376058265,0.0679105431360868
0.788064479827881,-0.109237439930439,0.128490072394271,0.0714526259682032,0.540814643104871,1.05414388378461,-0.266965624095826,0.0228997873417278
2.10593557357788,0.316606342792511,0.403069535956931,0.0747921371638863,1.55173461635907,3.3505225221316,0.190817421268611,0.5251125401287
1.28162956237793,0.102861724793911,0.178179581544816,0.0690896738218184,0.956565686563651,1.6161002655824,-0.0192863860079352,0.208468260460883
1.31253361701965,0.107150107622147,0.290576860070956,0.0989718182268552,0.797153875231743,1.9315528323253,-0.0984578425278818,0.285906342584452
2.54099345207214,0.399274975061417,0.473333866120204,0.0662235664319078,2.12908918857574,4.16435012420018,0.328193822561228,0.619543898050404
1.15762209892273,0.0569957196712494,0.202512652552302,0.0757463471911691,0.785983005166054,1.62010217010975,-0.104588375627317,0.209542119848324
1.37812006473541,0.134345322847366,0.188584835202084,0.0708510483504272,1.06210868557294,1.75882737139861,0.0261590143659901,0.245222512493783
0.461764127016068,-0.360489100217819,0.136392776986209,0.162764912861074,0.157280495887001,0.720786771674951,-0.803391908235694,-0.142193226589446
0.228292137384415,-0.674646437168121,0.0814147843977826,0.181414566062996,0.0758042422433694,0.387836211671432,-1.12030677972538,-0.411351644608672
0.886785268783569,-0.0595608912408352,0.161875763287457,0.081040628202048,0.585213190317154,1.22084275186062,-0.232685912776266,0.0866597228085376
0.444859743118286,-0.390148192644119,0.163248449435034,0.202227185524505,0.123447412562867,0.746959881981214,-0.908518673998869,-0.126702775439252
1.66705346107483,0.211137294769287,0.350914155976844,0.101775381837631,0.998469719787439,2.36646985411644,-0.000667189936401653,0.37410066736289
1.03765070438385,0.00617205910384655,0.218515415089261,0.0941547458394331,0.651990382373333,1.49473043282827,-0.185760615469884,0.174562402100107
1.015261054039,-0.00523227732628584,0.226840966196685,0.104552037933282,0.570522178212802,1.4518594622612,-0.243727475029352,0.161924575352349
0.670843839645386,-0.190509855747223,0.177346224914624,0.12798137203145,0.320754459003607,1.00851842562358,-0.493841075409089,0.0036836934083071
0.630823373794556,-0.216692849993706,0.161334270193998,0.126658560067077,0.281553641955058,0.936869827409585,-0.550609224437339,-0.0283216101982126
1.0260694026947,0.00489432225003839,0.154409584696525,0.0805147062938059,0.723187587161859,1.30779990553856,-0.140755873262546,0.116537371931986
1.49054968357086,0.168259426951408,0.257409807191504,0.0632074520341552,1.20149153371652,2.27063822348913,0.0797205215214427,0.356147676918158
1.16478395462036,0.0556991696357727,0.210870573234788,0.111076237335027,0.684622391064962,1.52975359459718,-0.164641398079173,0.184621461978317
1.09278404712677,0.0340199917554855,0.152603557545311,0.0640172161573074,0.778602661192417,1.38268713454405,-0.108685113144189,0.140723639608424
0.325081378221512,-0.517009258270264,0.114575868511519,0.169023727124052,0.109233201853931,0.542097132901351,-0.961746963023761,-0.265922889837516
0.687724828720093,-0.17331700026989,0.152810366377728,0.0976039269467114,0.408591823031505,1.03433617154757,-0.388710500588729,0.0146487033777149
0.376919120550156,-0.454547762870789,0.13412316226989,0.171608561210922,0.140848570441206,0.65566815584898,-0.851265055921519,-0.183316070041889
0.481378853321075,-0.343824833631516,0.155226250442129,0.159807540832648,0.177383720253905,0.791093264023463,-0.751087346942104,-0.101773086211755
0.644984126091003,-0.203592672944069,0.150023296653118,0.112351938341882,0.366456572711468,0.939126230279604,-0.435978582775008,-0.0272779681827367
0.473291963338852,-0.362253308296204,0.187827817130418,0.188818409093313,0.153316226229072,0.914408724506696,-0.814416825809871,-0.0388641251315347
0.743313074111938,-0.143238663673401,0.179956338706521,0.116981440418284,0.376358631998301,1.11614776750406,-0.424401182107351,0.0477207598050339
1.25059401988983,0.0898928120732307,0.238361993773412,0.0781660151106674,0.881086334089438,1.86339075465997,-0.0549815845491425,0.270303929253792
0.684196472167969,-0.173242852091789,0.107613128855582,0.0994645824110586,0.434667447457711,0.848088451723258,-0.361921314844656,-0.0715591272547312
0.555752873420715,-0.264491766691208,0.109863972131888,0.0933311313938135,0.329823486258586,0.759230380753676,-0.481721624528104,-0.119626445750262
1.30644357204437,0.108456484973431,0.200515695398735,0.0941895027615351,0.96623613635699,1.69219935635726,-0.0149194021363525,0.228450859631858
1.03237068653107,0.00434190966188908,0.253640079367751,0.085766502964518,0.708120743433634,1.61931226849556,-0.149892705950668,0.209329770131252
0.86516946554184,-0.0858189910650253,0.26769884546638,0.148415802323486,0.348622363309065,1.41396310031414,-0.457647306091041,0.150436660377727
0.727901935577393,-0.152346014976501,0.171979937163702,0.11908604591188,0.365396301448345,1.06575760940711,-0.437235853036129,0.0276579929723062
1.96010148525238,0.285354226827621,0.410167530449649,0.0722418049913265,1.56636445621649,3.40690132578214,0.194892615756495,0.532332572848883
0.514933347702026,-0.313963055610657,0.164102095412615,0.159028871153409,0.191338340565562,0.853307809432348,-0.718225981320593,-0.0688947555142255
0.325251817703247,-0.508279800415039,0.0902909314245274,0.143475614555503,0.123726657405496,0.485244237879912,-0.907544562040163,-0.314039731041434
0.395025491714478,-0.421841263771057,0.109105817750742,0.133053973809911,0.18519410242637,0.594274280468623,-0.732373279865442,-0.226013083789451
1.0427371263504,0.00608117505908012,0.20320756774645,0.1191516894534,0.636722398300966,1.41002660989761,-0.196050135275827,0.149225934685803
1.79610085487366,0.250999629497528,0.24178345878739,0.051927690356959,1.57351158261299,2.66788902481397,0.19686984354618,0.426167514821764
0.670380532741547,-0.177787959575653,0.0894765190284948,0.0609147868559196,0.485675054043531,0.834053593873978,-0.313660686583011,-0.0788060422950748
0.191076382994652,-0.765117049217224,0.0844977843114737,0.213051210435568,0.0525027796005209,0.372538602600495,-1.27982383944322,-0.428828839118598
0.495491176843643,-0.326584219932556,0.136811020913282,0.150120957848606,0.168471936881542,0.754592132071654,-0.77347372562276,-0.12228777228296
0.701055645942688,-0.171647384762764,0.171406877859073,0.13589393586337,0.267411159723997,1.00444337129593,-0.572889824659508,0.00192526194628866
1.37955915927887,0.133516892790794,0.229860780838316,0.0748679447637342,0.968786843617757,1.86737686793009,-0.0137718621981124,0.271231950361105
0.966776192188263,-0.0313685685396194,0.18898625215605,0.149924180369421,0.276625755429268,1.2174927731355,-0.55811168260142,0.0854663563223996
1.60177421569824,0.198272600769997,0.281237111855955,0.0735994368328101,1.13873943289121,2.29839988152186,0.0564243566945883,0.361425327180468
0.458345621824265,-0.397983878850937,0.185629474926322,0.272454456539393,0.0533940158163508,0.808686544994513,-1.27255274734185,-0.0922211209327739
0.812515616416931,-0.0975870862603188,0.146458400966643,0.0818773341346677,0.53335734307766,1.10343605279922,-0.272984160483898,0.0427469392289041
0.556017458438873,-0.276094704866409,0.160374719199903,0.143502673632607,0.222995055094361,0.855454284946124,-0.651712664317994,-0.0678032526104387
1.21047830581665,0.0790379270911217,0.166458022879628,0.0579620462555275,0.941996469597022,1.57636741797129,-0.0259507540875487,0.197657347683874
1.16634893417358,0.0587021596729755,0.171940352196438,0.100731942771553,0.815589932600657,1.43475762506326,-0.0885292752738537,0.156778534094912
2.01401567459106,0.297751933336258,0.373010803396027,0.0716404615231877,1.52047473887602,3.08163684010506,0.18197907394886,0.488778372551791
1.43713617324829,0.154317140579224,0.168925763801806,0.0546592102789495,1.2024592012167,1.88678563833237,0.080069769490191,0.275722259831041
1.2431263923645,0.0890967771410942,0.183654987998133,0.0723190947491222,0.913522411386172,1.61462940275669,-0.0392825095608565,0.208071984173068
2.11326313018799,0.320409029722214,0.338139800437048,0.0600704863644119,1.7479365815719,3.20294275681177,0.242525657116068,0.505498184617029
0.362099766731262,-0.474413812160492,0.130442224878517,0.180880978243615,0.12107429963847,0.617268965641657,-0.916951940103587,-0.209525563991337
1.38213908672333,0.130754694342613,0.289554319311851,0.0936048546398305,0.839574607213338,2.02620662053426,-0.075942096506945,0.306683727523224
1.9341824054718,0.28193324804306,0.312275317005641,0.0599943627780175,1.61535021364689,2.9262762149175,0.208266467885478,0.466315289906978
1.48368537425995,0.165795549750328,0.244887240332245,0.0686993320112986,1.08476817806562,2.15612039963404,0.0353368785211094,0.333671155270971
0.956069111824036,-0.0366239547729492,0.261909884790019,0.12583431078387,0.482911407699188,1.5416657547156,-0.316132588231747,0.187989585381315
2.25101184844971,0.346722543239594,0.403688885843651,0.0668757440122323,1.79957666496436,3.62999036312103,0.25516956493366,0.559905279467515
2.14699053764343,0.324761420488358,0.445178095293941,0.0736870132368332,1.70244255562623,3.68582025170326,0.231072466560954,0.566526036105529
0.916339993476868,-0.0449026040732861,0.175887520773467,0.0759712995800025,0.657380633056164,1.34664496878783,-0.182183682228517,0.129246256845265
0.265793681144714,-0.619405925273895,0.114397998136586,0.207702215229585,0.0701049150278171,0.500015285611153,-1.15425279664596,-0.301016916471093
0.853903591632843,-0.0879226699471474,0.231227385858606,0.139782554407172,0.329508509238561,1.29928176303705,-0.482149803917687,0.113703175596046
0.692723870277405,-0.175969794392586,0.178997591597189,0.125701241191644,0.326468853404125,1.03984072903792,-0.486162958652664,0.016966818141195
1.14301574230194,0.0543436333537102,0.1357706163674,0.0613369081974535,0.912556364138921,1.42051286697388,-0.0397411681334332,0.152445026335396
0.795616865158081,-0.109487228095531,0.141023092257112,0.107796985090371,0.442846605678399,1.02952340245247,-0.353750471035446,0.0126359350463177
1.73883163928986,0.235764920711517,0.267771045721434,0.0607161252112902,1.3803422798713,2.53642507195473,0.139986789994238,0.404216222838733
0.300821125507355,-0.563453853130341,0.104652540219753,0.225781211721028,0.0559622304824491,0.492398403336604,-1.25210516094854,-0.307683701054949
0.606591045856476,-0.264322340488434,0.24978700892905,0.224969185931142,0.132997387647629,1.137999355793,-0.87615702208192,0.0561420103734058
1.21586728096008,0.0725064724683762,0.169820053461905,0.14132884499328,1.04220416446527,1.38904374639193,0.0179522022525713,0.142715906634654
0.687605500221252,-0.179679602384567,0.174743449816918,0.130764813204924,0.319617103288571,1.02060452799002,-0.495370257606772,0.00885633847389864
1.07750260829926,0.0226043704897165,0.179016852027781,0.11070993767951,0.744089241325855,1.37033110658328,-0.128375063152521,0.13682546811142
0.291580766439438,-0.562846124172211,0.102464453483811,0.158804545052418,0.126882034912705,0.519103176395098,-0.896599865654382,-0.284746827058288
0.8399817943573,-0.0818875133991241,0.167227612567644,0.0682860696660699,0.657487668593725,1.31930268009504,-0.182112484215278,0.120287178154229
1.33808636665344,0.123046487569809,0.179963801290597,0.0531790581014886,1.104431822896,1.88182227909565,0.0431388732465208,0.274577692611632
0.559835314750671,-0.265804469585419,0.133039364874394,0.114691420983116,0.291362897058328,0.804346389571826,-0.535567269460275,-0.094557598665205
0.294221460819244,-0.576159179210663,0.113736119091477,0.22191941327193,0.0637393783777952,0.519658326605956,-1.19561848426142,-0.284282708547748
2.54761219024658,0.40246370434761,0.362521967551113,0.0541215245227335,2.21755636533101,3.78687487443288,0.345874661127047,0.578280817701325
1.15962743759155,0.0543776862323284,0.242376876438682,0.0947562200780594,0.682561379671097,1.6616507311662,-0.165858442782551,0.220539198438503
1.56592893600464,0.185681834816933,0.219524341352365,0.113719822907634,1.30797504385312,1.93910891215007,0.11659945771957,0.287602042592399
0.600596845149994,-0.236032351851463,0.141943912354118,0.120265775748098,0.295331917454799,0.846774488687515,-0.52969473493474,-0.0722322450730635
0.743859887123108,-0.136640682816505,0.121651503236375,0.095546194761885,0.454332106312116,0.946513816217581,-0.342632350671493,-0.0238741844240445
0.236222207546234,-0.676487147808075,0.109111105647996,0.220024974364548,0.0626404259664317,0.465747982263565,-1.20316167327204,-0.331862614382826
1.21442425251007,0.074741818010807,0.176404584255075,0.117035596465058,0.968085300922394,1.47583748698235,-0.014088020020897,0.169038492589181
0.997854471206665,-0.0129552399739623,0.208956306569079,0.111265118655239,0.515721784035365,1.38853179315726,-0.287584540565713,0.142544347007615
0.70568174123764,-0.168288126587868,0.188859491280218,0.124995492317462,0.352330319086711,1.10870730280876,-0.453050062816087,0.0447989023135056
2.68535470962524,0.424226850271225,0.435256964159472,0.0618994872419336,2.18385643959045,4.03895322879155,0.339223933436841,0.606268521983962
0.885717630386353,-0.0717196315526962,0.238272643324709,0.137131761967511,0.353870304922263,1.33276671667894,-0.4511683768578,0.124754137977609
1.8068733215332,0.251993149518967,0.268356430392928,0.0664946689716379,1.34126330018044,2.37550452152888,0.127513057485248,0.375752341507013
