PHI,log10.PHI,Std.Dev,log10.Std.Dev,0.025,0.975,log10.0.025,log10.0.975
1.07222771644592,0.0245269909501076,0.17396610120364,0.0711693836942312,0.748757239679495,1.42861304183801,-0.125658966021038,0.154914610132616
1.46836507320404,0.1622024923563,0.213547707487742,0.0638267431319681,1.07109045982361,1.90152354240418,0.029826151077613,0.279101623560849
1.24880850315094,0.0907030031085014,0.202583977143614,0.0715334212003645,0.869931252300739,1.65807592570782,-0.0605150668443934,0.219604275316981
0.667908787727356,-0.180887535214424,0.103520564195369,0.0718606251615954,0.474663107593854,0.869234910607338,-0.323614523757971,-0.0608628397940609
0.244521602988243,-0.660321772098541,0.108203915307364,0.218971812663294,0.0679944864163796,0.475264712423086,-1.16752703564669,-0.323064436363883
1.08313524723053,0.0270745791494846,0.20072249803484,0.0821375923915777,0.706580052276452,1.49145243167877,-0.150838633760812,0.173609324393044
0.551223933696747,-0.317444115877151,0.27906561660735,0.240802473102053,0.135684727008144,1.16140787998835,-0.867469059126516,0.064984671610773
0.787835836410522,-0.114144742488861,0.168124686536887,0.0982831147339952,0.464490494628747,1.12060676415761,-0.333023216730197,0.0494532022909188
0.976371467113495,-0.0274565033614635,0.263686554111612,0.12593971866944,0.488603870322307,1.5123631755511,-0.311043592050868,0.179656060487963
1.19153165817261,0.0698082447052002,0.201776789449466,0.0745102622263528,0.814862956603368,1.61018947859605,-0.0889154694669194,0.206876982301481
0.345496416091919,-0.510514855384827,0.154884120218882,0.218961536782989,0.0989450799922148,0.687561824917793,-1.00460588007209,-0.16268828326061
2.17636561393738,0.335056692361832,0.249242499245336,0.0477320409421098,1.74482396443685,2.6484902938207,0.241751616028418,0.422998366342622
0.332229554653168,-0.521597623825073,0.139360230490818,0.204036939693841,0.103506380319595,0.636582577228546,-0.985032879230736,-0.196145255005129
1.50443732738495,0.17407301068306,0.188114361779047,0.0533851561985795,1.16360326111317,1.88003512124221,0.0658049281510584,0.274165959746247
3.11188817024231,0.490812003612518,0.321606372105518,0.0434699213541509,2.54926791588465,3.76074025233587,0.406415448889193,0.575273338443384
1.44057846069336,0.154989674687386,0.184983150030566,0.0555501365978298,1.10277986725171,1.82006744146347,0.042488820090376,0.260087459653477
0.63521271944046,-0.227108687162399,0.219679161892993,0.171209439265219,0.234461127097408,1.08186276356379,-0.629931736278535,0.0341720561440764
0.631829798221588,-0.207179978489876,0.116717432907058,0.0837205496692842,0.410216408967972,0.864431897302469,-0.386987012899821,-0.06326923071632
1.67156577110291,0.220463305711746,0.1864093811271,0.048030029034096,1.32493859728177,2.04573357899984,0.122195738655904,0.310849071315585
1.83359956741333,0.261155694723129,0.189092755458337,0.0426557203494016,1.51021114091078,2.17658119797707,0.179037647300047,0.337774871672694
0.340273350477219,-0.497709512710571,0.117612077557035,0.169034934114636,0.12635151433448,0.58900085737308,-0.898419550642378,-0.229884735076254
0.517800211906433,-0.327637702226639,0.209406515496727,0.204143109268156,0.147955947120984,0.95427564829588,-0.829867940563232,-0.0203262181554642
0.301939904689789,-0.581160128116608,0.158695749076694,0.241712434966061,0.0768165500213703,0.659189648926258,-1.11454522283771,-0.18098968412767
1.96533071994781,0.290794223546982,0.220997706604187,0.0476301896843649,1.57657782236735,2.40438895026843,0.197715400162393,0.381004721159261
1.57056283950806,0.193355545401573,0.176347699361271,0.0483802496492954,1.25118783613046,1.93715386688709,0.0973224921430565,0.287164103006101
0.814708769321442,-0.0976446866989136,0.158691511887735,0.0883423561052683,0.519303117692471,1.1365891645352,-0.284579084573462,0.0556034847900884
2.4013683795929,0.378095835447311,0.251351236401923,0.0453096348785711,1.93523917893569,2.90255865057309,0.286734618771228,0.46278099942206
0.338289767503738,-0.534472286701202,0.200276930384034,0.245059496713052,0.0811440159877141,0.728910122315089,-1.09074350331202,-0.137326091947339
0.423405796289444,-0.389659762382507,0.110298342235267,0.124680688685137,0.213339249168833,0.646666080753009,-0.670929365468204,-0.189319920398796
0.891535520553589,-0.0768794417381287,0.294551933128989,0.162527195094553,0.351041292647521,1.50578607122103,-0.454641799306037,0.177763274161973
1.59435200691223,0.197135925292969,0.250787938703187,0.069270912761332,1.12487913370132,2.10701413551966,0.051105803578677,0.323667425305257
0.497410148382187,-0.343662559986115,0.200503293835014,0.199253425198363,0.153256921345989,0.923775997261207,-0.814580162266448,-0.0344333836578562
0.196788176894188,-0.745454907417297,0.0790461298897457,0.195532636562246,0.0641185335814953,0.367208194732666,-1.19301642413064,-0.435087706304111
1.00433802604675,-0.0056752348318696,0.18428469563886,0.0821108828895246,0.65900595386823,1.38293923238913,-0.181110662124989,0.140803089462472
0.239172384142876,-0.670320868492126,0.11181197928115,0.216859499160266,0.0668730416024725,0.470552590986093,-1.17474892747291,-0.327391842975131
1.00283646583557,-0.00440406845882535,0.159119103024645,0.0707432085297413,0.70028367737929,1.31988613804181,-0.154726029899805,0.12053641605645
1.10642111301422,0.0409244932234287,0.130650025484745,0.0510170555607884,0.867129633327325,1.36031590402126,-0.0619159797374026,0.133639774022643
0.329375058412552,-0.504712760448456,0.0992547247840633,0.146875368280152,0.142409932240844,0.534476901590824,-0.846459838137359,-0.272071062593177
0.954971849918365,-0.0278699807822704,0.176143209996946,0.084559299707825,0.614249727626642,1.29769573907057,-0.211655045118451,0.113172859492298
0.749545037746429,-0.139155194163322,0.181921127064206,0.113689824453575,0.394999209294716,1.10519096453985,-0.403403775252115,0.043437310162113
0.772138893604279,-0.125919416546822,0.183781223758306,0.113129662343891,0.419239197423061,1.13632028400898,-0.377538204240472,0.0555007528469322
1.86654078960419,0.267430067062378,0.242509443354835,0.0559736747189807,1.42726178268592,2.35771171053251,0.154503627942348,0.372490698978147
0.632022857666016,-0.223005682229996,0.197126311029321,0.150656458994387,0.274124066283305,1.0262625704209,-0.562052837601881,0.0112584541005861
0.564226508140564,-0.293924748897552,0.240218689259114,0.212229849391279,0.16383296387891,1.09360617995262,-0.785598714185207,0.0388608090934962
0.157232448458672,-0.847716391086578,0.0671081300104851,0.207770870814685,0.0472526290764411,0.308581916987896,-1.32557483940209,-0.510629756976642
0.38464480638504,-0.437465816736221,0.115945577185864,0.146977313655426,0.164581471929948,0.620118208229542,-0.783619058289083,-0.207525693197871
1.10041058063507,0.0290965512394905,0.253912896289403,0.106935252869159,0.606852876146634,1.60689131716887,-0.216916585966964,0.205986486511198
0.195866823196411,-0.74991500377655,0.0807657463379456,0.202327427886957,0.0624461270247897,0.372583921005328,-1.20449451734815,-0.428775891424325
2.73905062675476,0.435222417116165,0.293745638429443,0.0450831968488834,2.22998036543528,3.3253153860569,0.348301036794797,0.521832839282816
0.452744334936142,-0.361396104097366,0.121243914434264,0.127372642761539,0.222746895253658,0.695647738873959,-0.652188386032642,-0.15761063338402
0.431465774774551,-0.379788160324097,0.107694258845574,0.116848395380742,0.229262401908636,0.642182896037897,-0.639667297138911,-0.192341277661496
0.590705156326294,-0.259661823511124,0.208486355770788,0.174189695150767,0.216330194224914,1.02223229805629,-0.664883147938115,0.00954957008214179
1.28179633617401,0.0981281995773315,0.26851150165463,0.0929639917245894,0.810426295300325,1.82982361416022,-0.0912865001347587,0.262409215062778
0.575141906738281,-0.283528596162796,0.239287316196484,0.206204888438814,0.170404444883267,1.08557199438413,-0.768519082260002,0.0356586009081031
0.607272624969482,-0.224950224161148,0.115464110816811,0.0869294860099047,0.378528501590093,0.837929591039817,-0.421901499261032,-0.0767924725834879
1.93872797489166,0.278959542512894,0.381271413295555,0.0871464189742783,1.24647346834342,2.75431557496389,0.0956830301804131,0.440013610446942
0.550970673561096,-0.267647206783295,0.102733935511124,0.0930480556669365,0.353347215056419,0.746436247726281,-0.451798485918283,-0.127007279144358
1.4351212978363,0.147726356983185,0.28935999639846,0.0906001776375355,0.895182759066423,2.03411003549894,-0.0480884715680691,0.308374430741091
0.208486184477806,-0.730769515037537,0.0966158473076959,0.217843912464673,0.0608550723021229,0.431465321779251,-1.21570345501244,-0.365054152647768
0.41411280632019,-0.407624334096909,0.131789163839885,0.153792625688276,0.169375444824497,0.68154535094897,-0.77114966937957,-0.166505269602931
0.440617591142654,-0.367893755435944,0.0996326391316846,0.104746295659178,0.253117166956266,0.637335680425167,-0.596679272492825,-0.195631767986793
0.972604215145111,-0.025252552703023,0.23159102991288,0.109970142528046,0.533762108286222,1.44774281481902,-0.272652272982162,0.160691383973158
1.70948338508606,0.228779345750809,0.234980008943932,0.059671821641536,1.28872107565403,2.19491564631462,0.11015890404674,0.341417833883139
0.656014919281006,-0.210209742188454,0.215089925697909,0.163346117312666,0.242949710165461,1.09312493205071,-0.614489943156565,0.0386697997271889
0.515003681182861,-0.315405130386353,0.170535891035462,0.162543657288793,0.207567795490225,0.866218197842439,-0.682840375955956,-0.0623727383627397
0.203295961022377,-0.733612716197968,0.084474607676639,0.201259871560609,0.0643513006468614,0.389628751327594,-1.19144278497089,-0.40934915176244
1.40488541126251,0.142871230840683,0.202641314718682,0.065852008596537,1.02911399205526,1.81384097337723,0.0124634202793871,0.258599207996639
0.519443869590759,-0.29824635386467,0.125857067359308,0.112655849423007,0.274478982885679,0.770075450837613,-0.561491055414526,-0.113466827545066
1.91074693202972,0.278404325246811,0.220790356301789,0.0490727448321426,1.520174279809,2.33920970360438,0.181893368576486,0.369069141567044
0.470329254865646,-0.354253083467484,0.153949769639657,0.161196904007212,0.182668977106611,0.786231237153213,-0.738342018422095,-0.104449752745735
0.483851671218872,-0.37092849612236,0.231915740279647,0.234136738469653,0.12258585014691,0.9967108036081,-0.911562840728634,-0.00143088074068489
0.624658524990082,-0.227238669991493,0.189366733871062,0.1485200075429,0.248641659071048,1.00215731064479,-0.604426163079464,0.000935896769138257
0.127169027924538,-0.938260138034821,0.0532513527982373,0.204229013904516,0.0387014793542524,0.241756984591484,-1.41227290368724,-0.616620972860007
0.587462186813354,-0.244390919804573,0.139817475669053,0.111341810221856,0.315665038178364,0.868069913983345,-0.500773636227548,-0.0614453149552753
0.173832431435585,-0.801891684532166,0.0720775709141261,0.202039717034376,0.0547284484530489,0.330581481506427,-1.26178728056251,-0.480721652478348
0.586056411266327,-0.2424046844244,0.121849145806251,0.098680338409756,0.353771910319726,0.829824747641882,-0.451276662866167,-0.0810136466238689
0.454117476940155,-0.356491416692734,0.10887633047457,0.112633576002839,0.243121687074502,0.672738138834636,-0.614176519168996,-0.17215395208068
0.424332708120346,-0.419426262378693,0.189830237563132,0.214024542485236,0.122659906434516,0.839452996850014,-0.911297488947312,-0.0760036521192491
0.210356667637825,-0.722930252552032,0.0934974477385813,0.210156753071463,0.0626042107741038,0.417696118851504,-1.20339752747355,-0.379141578577238
2.21716547012329,0.341213583946228,0.326235747793362,0.0630442644072749,1.64523470203082,2.86679675976435,0.216227826303978,0.457396856062734
0.958059966564178,-0.0244190562516451,0.154274709533927,0.0718738270746806,0.672171185413996,1.2659780561924,-0.172520132737975,0.102426167246909
1.20831453800201,0.068338930606842,0.295293056514012,0.112556329009694,0.65450294315815,1.81498904128869,-0.184088452475393,0.258874003059829
0.592786252498627,-0.235231056809425,0.111818492653384,0.0856563482755426,0.383663347860177,0.815743876496951,-0.416049688505836,-0.0884462850544262
0.597834408283234,-0.241091430187225,0.161510337381385,0.129243611546799,0.286314245313406,0.914773145318031,-0.543157080700967,-0.0386866041892194
0.353512823581696,-0.474550724029541,0.106840637598788,0.149450017305519,0.146935061862071,0.564494648079077,-0.83287456257789,-0.248340178612072
1.51732671260834,0.169576302170753,0.341099414385229,0.101976330991772,0.882826329767704,2.23720030387243,-0.0541247371450448,0.349704749768836
0.610797762870789,-0.250016987323761,0.230374122848745,0.188752195190776,0.199485633025567,1.09129252930482,-0.700088615872207,0.0379411819324601
0.579442322254181,-0.252775967121124,0.148383431877161,0.121933005357649,0.292187106857697,0.874044625957807,-0.534338954944786,-0.0584664101396329
2.36403107643127,0.37061619758606,0.279668827072884,0.0514446220626786,1.85395622551441,2.92688299616178,0.268099471858941,0.466405348690177
0.398116081953049,-0.418005138635635,0.106718670403771,0.13243535431757,0.194457321365674,0.608109769721826,-0.7111757179712,-0.216018022461829
0.788617312908173,-0.110420323908329,0.141232825992723,0.0808763236329236,0.518990196287632,1.06708431144555,-0.284840884623472,0.0281987304588437
0.271635740995407,-0.604030609130859,0.106713791958257,0.192110585507135,0.0908738812431693,0.504452588160833,-1.04156128497081,-0.297179763481281
0.569423019886017,-0.253421574831009,0.111451352668093,0.0897434649326322,0.353505363812049,0.789004528025786,-0.451603997736832,-0.102920518352929
1.10576319694519,0.0413540452718735,0.115934644558541,0.0445727694349925,0.894233430425326,1.32552465299765,-0.0485491528072919,0.122387799900553
0.181786000728607,-0.784731686115265,0.0791608858769033,0.205802374300801,0.0567932815290988,0.355110963433981,-1.24570304527106,-0.449635938648943
0.808602154254913,-0.100711978971958,0.155414013835708,0.0872851817211456,0.511556314428647,1.1155710508426,-0.291106608476825,0.0474972345896339
1.55849897861481,0.188554704189301,0.215562225962105,0.0602431775407368,1.15088938772678,1.99533200760682,0.0610335811627158,0.300015169206073
0.603656530380249,-0.231862053275108,0.13981664970406,0.108060059491184,0.334297548234463,0.878489038348198,-0.475868349478048,-0.0562636621710947
0.722733855247498,-0.148130133748055,0.124100312114705,0.0818544679797632,0.481903890023629,0.958769771456719,-0.317039570180174,-0.018285670479044
0.290955305099487,-0.58163446187973,0.124179186608479,0.211863032582542,0.0814970945939422,0.564594268302123,-1.08885796105761,-0.248263643043343
0.589605867862701,-0.242167890071869,0.137507662505441,0.108256461841532,0.326120754082998,0.874937392274539,-0.486622013611533,-0.0580230393825334
0.914649426937103,-0.0490167066454887,0.193102453992863,0.0965968171807923,0.545951961974303,1.29886603256067,-0.262845815868029,0.113564357455478
1.37907469272614,0.124227859079838,0.353852717243438,0.119002727532133,0.712848747273286,2.09960990349452,-0.147002650647683,0.32213860592321
0.365143120288849,-0.456983983516693,0.103380988392131,0.135667814833891,0.168799154832959,0.573891633749008,-0.772630213806022,-0.241170107024602
1.71140825748444,0.228717878460884,0.249330234405589,0.0637631001230819,1.2534764289856,2.20851570566495,0.0981161507181717,0.344100490350631
0.252587050199509,-0.632711827754974,0.0952898805778173,0.185306684730851,0.0843359744176269,0.450106800347567,-1.07398785909286,-0.346684503510129
0.497862011194229,-0.343626230955124,0.20143408491984,0.199938986829671,0.153587534278631,0.929647102952005,-0.813644312460601,-0.0316823283015258
0.927423655986786,-0.0519554577767849,0.262763642000504,0.134427835922273,0.436350711683432,1.46489679813385,-0.360164317897565,0.1658068561914
0.623426377773285,-0.249859914183617,0.266358163135032,0.209650386647005,0.18281249863406,1.20031429628531,-0.73799417666974,0.0792949617323355
0.24231182038784,-0.658994853496552,0.103360334011309,0.204886383156441,0.0744034341226021,0.46745182449619,-1.12840704536833,-0.330263142085011
0.178142830729485,-0.794069588184357,0.076518751437117,0.20824575470871,0.0528647584530214,0.34601313918829,-1.27683435820946,-0.460907427340691
0.499012798070908,-0.346434354782104,0.210832675743083,0.209335255409093,0.143829946840803,0.958185143272082,-0.842150683083328,-0.0185505751928278
0.107624061405659,-1.01500773429871,0.0472293612184908,0.214396887668373,0.0311440160032362,0.208099187165499,-1.50662560241786,-0.681729919484413
0.468708455562592,-0.347743272781372,0.13000948902262,0.132659452273895,0.219850515201688,0.725439464052518,-0.657872519545476,-0.139398823099193
0.809198915958405,-0.0983373075723648,0.124728141885776,0.0816870347581091,0.571005668739478,1.04666212697824,-0.243359709902635,0.0198064146629965
0.852866291999817,-0.093925379216671,0.272231617340219,0.153580535871301,0.349609172840913,1.40351524651051,-0.456417233128531,0.147217025432105
0.613339722156525,-0.230058670043945,0.16726281172174,0.12891177685767,0.299336807429791,0.961739108959834,-0.523839973918714,-0.0169427343458749
0.702700853347778,-0.169868439435959,0.186349817928566,0.124348454865507,0.349384834369024,1.08020150462786,-0.456695969468018,0.0335045833043642
0.668952643871307,-0.195394441485405,0.195876014316126,0.140420267959063,0.302066059907277,1.0646582822005,-0.519898746893281,0.0272102367924766
2.190758228302,0.336436092853546,0.309694728459011,0.0598243218669196,1.64372223516305,2.80441477894783,0.215828394398936,0.447842245317406
1.46172297000885,0.153902560472488,0.323856887184284,0.0990909756158098,0.875512486199538,2.11612198352814,-0.0577380916355158,0.325540686633567
1.09780251979828,0.0356045812368393,0.163571474422379,0.0659188305833779,0.788646489878496,1.42760631640752,-0.103117625339132,0.154608458934993
0.508491456508636,-0.320082634687424,0.16588107996192,0.159736705998105,0.205643407503764,0.850895908971628,-0.686885256597766,-0.0701236609056883
0.175833895802498,-0.796810984611511,0.0723832307567751,0.202112452671962,0.0531236751315494,0.330975444118182,-1.27471190347616,-0.480204234057817
0.842983305454254,-0.0809907019138336,0.146231229119549,0.0781007222361924,0.56095778097709,1.1333126604557,-0.25106982986491,0.0543497341277173
0.36478778719902,-0.464799404144287,0.119615503455643,0.161946105317253,0.14532315072914,0.609522774815559,-0.837665765490278,-0.2150100678909
0.272441416978836,-0.591251194477081,0.0886122589270963,0.160667672852905,0.105476220448812,0.45373609662056,-0.976845977828335,-0.343196669401518
0.367577075958252,-0.461783826351166,0.122185359147042,0.162038293444465,0.145528784518441,0.620812032123407,-0.837051101427227,-0.207039875153713
0.571732580661774,-0.253630101680756,0.121955768249869,0.100444926333926,0.336885703106721,0.812046971420447,-0.472517425788371,-0.0904188702927201
0.736148655414581,-0.145268157124519,0.168889720127316,0.105728998344582,0.412275020281474,1.07550628284613,-0.384812989179958,0.0316129163095275
0.424167037010193,-0.42376035451889,0.193042225305067,0.225044136552995,0.115038402130206,0.863974742591381,-0.939157164331697,-0.0634989739202754
0.758197724819183,-0.129239037632942,0.148700518732859,0.091119943642996,0.468705022583405,1.05057927767436,-0.329100393351313,0.0214288300977486
0.398932278156281,-0.4154372215271,0.1042762289436,0.123658747913157,0.196770317728321,0.609698144594828,-0.706040636067198,-0.214885130115939
0.901048541069031,-0.0546856448054314,0.183466745641458,0.0922320631988927,0.546432795127233,1.27964112857978,-0.262463464117189,0.107088188000333
0.261896640062332,-0.611690700054169,0.09065354325239,0.170321630093194,0.0951438074310621,0.447757116705179,-1.02161955093636,-0.348957539231219
0.544659554958344,-0.291979968547821,0.18477645342269,0.164075629526387,0.213110964745283,0.926637370884419,-0.671394361931942,-0.0330901899975838
0.849251747131348,-0.0808201059699059,0.176083416309787,0.0944532304957253,0.509771437446276,1.2042248249054,-0.292624736202294,0.0807075055486906
1.0068267583847,-0.000163587479619309,0.12015656469351,0.0522967142355368,0.781963303685188,1.24184751311938,-0.106813633201106,0.0940682691736848
0.322669357061386,-0.506842851638794,0.080665977676969,0.122676872080943,0.164385746171077,0.480585398773352,-0.784136734565513,-0.31822944889031
1.18706595897675,0.0701180994510651,0.165972361817849,0.0621496791044227,0.873818458120028,1.52581973771254,-0.0585787965900103,0.18350322646655
0.38237452507019,-0.43499282002449,0.10353292464604,0.128081362841257,0.186376389612754,0.589834727346897,-0.729609105909746,-0.22926966154219
0.5197394490242,-0.294190317392349,0.107067951293261,0.0957428839871035,0.304645988841852,0.731602155168851,-0.516205077373486,-0.135725031797248
1.03217911720276,-0.00684220110997558,0.304625492633238,0.138660759547515,0.477107646812995,1.64519492089748,-0.321383977740702,0.21621733659542
0.863216578960419,-0.0874511376023293,0.264416173948203,0.151300095486564,0.355141467352708,1.39631808102131,-0.449598617014348,0.144984266954448
1.11732316017151,0.0397689752280712,0.212875864409653,0.0876852682899224,0.713688627878825,1.54046905537446,-0.146491276343169,0.187652975108319
0.752026379108429,-0.131947740912437,0.141489207976697,0.0862349029515523,0.477838373929262,1.03068561752637,-0.320718976870765,0.0131260398882067
0.326593488454819,-0.509545028209686,0.104378036287825,0.148740521878319,0.14155271500349,0.532288005948067,-0.849081796388368,-0.273853503012091
0.357225984334946,-0.463990122079849,0.0940418518649731,0.126868197571155,0.172091499964396,0.548198586702347,-0.764240630407747,-0.261062091409554
1.04707860946655,0.0152045302093029,0.153653487456669,0.0649565270395316,0.753983974456787,1.35302132169406,-0.122637888184736,0.131304611269325
0.234624654054642,-0.652781426906586,0.072005195715399,0.14885431669956,0.100035432105263,0.380266728997231,-0.999846838818338,-0.419912194262303
0.826836824417114,-0.096293069422245,0.202909529550341,0.11186438784535,0.456199280172586,1.23135546644529,-0.340845446624576,0.0903834316294669
1.73963010311127,0.238803267478943,0.14919430023128,0.0387683642425545,1.46213188072046,2.01513743003209,0.164986497235169,0.304304669732791
1.08702266216278,0.00424486119300127,0.384504084117713,0.177968091620215,0.366353157162666,1.87494859894117,-0.436100071765024,0.272989303467947
0.531596958637238,-0.281704157590866,0.0937800607567736,0.0817154328282029,0.341136998931567,0.715411524971326,-0.467071230823051,-0.145444069242006
0.216438084840775,-0.704906165599823,0.0868795144071107,0.199068265064903,0.0668847061072787,0.402884480108817,-1.17468098242548,-0.394819462268704
0.28158038854599,-0.580413937568665,0.0985853203602202,0.169986241306285,0.10874975087742,0.492885668079058,-0.963571772760925,-0.307253818257948
2.0646915435791,0.309240996837616,0.332589095985161,0.0700490572723678,1.46231353878975,2.76338841716449,0.165040427843236,0.441441929562973
0.480423778295517,-0.330556064844131,0.109135719378847,0.106155464596744,0.271175217876832,0.695411749184132,-0.566750002299208,-0.157757978531583
0.663296163082123,-0.193213120102882,0.165781759581291,0.117945591282861,0.340375875184933,0.987876507639885,-0.468041308544547,-0.00529735130744711
0.636960089206696,-0.203740566968918,0.115526004083755,0.0861207271280382,0.418789883951346,0.868288803597291,-0.378003925260148,-0.0613358035807622
0.244570389389992,-0.64426589012146,0.08899367416998,0.177511966849282,0.0852677260835965,0.430782264471054,-1.06921532286065,-0.365742229507988
0.664885342121124,-0.217367485165596,0.266250546951807,0.19844292122652,0.208301608512799,1.22203749020894,-0.68130745842861,0.0870844802319061
1.39816212654114,0.142383486032486,0.168087673227053,0.0528090927827887,1.08626742859681,1.73301235636075,0.0359366959120968,0.238801655159343
0.225655913352966,-0.683756053447723,0.0883091393025019,0.190138256378304,0.0752159003168344,0.416494540125132,-1.12369037874537,-0.380390689922528
0.831498801708221,-0.085595116019249,0.128984297620079,0.0699787597117516,0.583461599548658,1.09006944199403,-0.233987741267853,0.0374541603188809
0.613677978515625,-0.223665460944176,0.136915650950317,0.10307296990102,0.348272730658452,0.887947445611159,-0.458080531675526,-0.0516127378994818
1.18984639644623,0.0665802955627441,0.236103857835142,0.0894118219914002,0.743227585156759,1.67234694560369,-0.128878184970186,0.223326355266854
0.696606457233429,-0.163912370800972,0.121647089668193,0.0785870893454467,0.461949886878331,0.938665320972602,-0.335405141297049,-0.0274892270237373
0.29458475112915,-0.583139181137085,0.136502442225854,0.226244777663958,0.0793148433789611,0.601385805507501,-1.10064677931407,-0.220846859758297
0.22727932035923,-0.695877075195312,0.105029569277018,0.227649162734599,0.0598538346588612,0.458467714240154,-1.22290805066109,-0.338691260732888
0.492247223854065,-0.321682810783386,0.119668090008375,0.112896112453844,0.265469691405694,0.728257602949937,-0.575985128473807,-0.137714972737338
0.593528389930725,-0.240997269749641,0.146946648105658,0.115638327958078,0.314751537640889,0.89851660579443,-0.50203217669736,-0.0464739001310043
0.293483972549438,-0.557838499546051,0.0939882499533376,0.15683492016492,0.119763283555706,0.488121395309766,-0.921676335711704,-0.311472217478308
0.528017461299896,-0.287264257669449,0.109140088503972,0.0951695114206118,0.322089563061794,0.7455062687397,-0.492023956268464,-0.127548701262366
0.317258238792419,-0.520560324192047,0.0952562340003584,0.14454514849053,0.139155537759264,0.507719243566196,-0.856500065147569,-0.294376565505849
1.21921384334564,0.0792061984539032,0.213758432266599,0.0782472964564729,0.824092101057371,1.66097678641478,-0.0840243820651083,0.220363561177255
0.815185725688934,-0.104581966996193,0.210638072162861,0.12140303384726,0.423614008227984,1.24655720392863,-0.373029759850533,0.0957122128626795
1.18207204341888,0.0586179681122303,0.290036917527613,0.113660281039053,0.62717249939839,1.76758301158746,-0.20261304244853,0.247379802579579
1.06454694271088,0.0137889254838228,0.255408071025339,0.110741828231632,0.578644083937009,1.58731680611769,-0.237588486399644,0.200663597087057
0.810738563537598,-0.106346227228642,0.206076571129605,0.118776558585179,0.420504923413197,1.22341382404168,-0.376228970327828,0.0875733835153845
1.39077496528625,0.140613257884979,0.150955649799112,0.0486387322932539,1.10779937803745,1.68886792957783,0.0444611147024557,0.227595670670352
1.49473607540131,0.171387493610382,0.178975238158894,0.0529839693066301,1.1523171633482,1.84868429998557,0.0615719492381599,0.266862739547467
1.30601119995117,0.109566323459148,0.221097079747336,0.0752129007800248,0.896160172422727,1.76242569287618,-0.0476144266225766,0.246110814221742
1.57267880439758,0.192278385162354,0.223450707332036,0.0617420799790703,1.16984521448612,2.0174053589503,0.0681283911811958,0.304793169159434
1.31243538856506,0.115268692374229,0.144053054715082,0.0509354606539046,1.03719139099121,1.58808658023675,0.0158589033339814,0.200874175497295
1.6844938993454,0.221740081906319,0.248624579449888,0.064313278058455,1.22766401370366,2.20882529616356,0.0890795215430889,0.344161184786363
1.0583781003952,0.0142098432406783,0.225779141016947,0.0971548656274197,0.636511668066184,1.51406185030937,-0.19619364348428,0.180143607219768
0.349952518939972,-0.479053229093552,0.106579009794973,0.149254851193317,0.147107673684756,0.569641927878062,-0.832364677342415,-0.244398070659738
0.585910975933075,-0.242131158709526,0.12215590337366,0.0948908158496211,0.355172297358513,0.821467208862305,-0.449560936939236,-0.0854099047869929
1.27296817302704,0.10233423858881,0.129463695538872,0.0485979352502577,1.02818973859151,1.52336030602455,0.0120732498835161,0.182802634924686
1.883629322052,0.263780146837234,0.442156803427057,0.0991806734418448,1.13275426824888,2.7501270989577,0.0541355293176154,0.439352765408045
1.4009200334549,0.139487072825432,0.246214935195232,0.0785832377299111,0.931399721403917,1.90180152952671,-0.0308639150365137,0.279165191842605
1.17123603820801,0.0334125272929668,0.426850175792001,0.191475116252204,0.376710909356674,2.05448198119799,-0.423992091590104,0.312702335198855
1.7063866853714,0.225249394774437,0.298030274355078,0.0779487111001724,1.14292201499144,2.30343148509661,0.0580165503322387,0.362375293142292
0.833957254886627,-0.0844427421689034,0.131743688451196,0.0704851382192457,0.586847508947055,1.09741069773833,-0.231474741582178,0.0403691840534866
0.311615705490112,-0.536270380020142,0.10852472578161,0.16981262772913,0.119144165640076,0.533027946949005,-0.923927225769346,-0.273250020077455
1.37614190578461,0.135484024882317,0.168280705483848,0.0524666777692039,1.08021074434121,1.70797939399878,0.0335084892061987,0.232482619860774
0.628681719303131,-0.210060566663742,0.121497304725088,0.0874055403652305,0.395257799327373,0.870483974119027,-0.403119551895224,-0.0602392200887189
0.276733070611954,-0.58099353313446,0.0851242808169459,0.147952863440613,0.116689345426857,0.448297959317764,-0.932971652378479,-0.348433251584795
0.795638501644135,-0.110663905739784,0.177844977287303,0.101540952927732,0.462552649031083,1.15944153865178,-0.334838870768545,0.0642488546726669
0.128296121954918,-0.945261240005493,0.0617494594250118,0.226624669391435,0.0341128202155232,0.266690643380086,-1.46708281977146,-0.573992425546129
1.37827718257904,0.128612548112869,0.299606046198092,0.098321086871402,0.828288034598033,1.98076127370199,-0.0818186328373372,0.296832135033436
0.659551322460175,-0.186669424176216,0.107339727896919,0.0724920964146414,0.454025263835986,0.870937014619509,-0.342920222285279,-0.0600132532248898
0.177144348621368,-0.798110842704773,0.0778662658938078,0.211569228635816,0.0520382688380778,0.349773671726386,-1.28367717026064,-0.456212886183307
1.28168928623199,0.101676300168037,0.213546198509944,0.0733792199287279,0.882275909682115,1.71755551298459,-0.0543955793611683,0.234910761920978
0.900009155273438,-0.0497335083782673,0.120468328088054,0.0592998340211408,0.664463272194068,1.14279869496822,-0.177529161567894,0.0579697197603719
0.557530999183655,-0.26004484295845,0.0923147355969884,0.0756746194502487,0.37489332780242,0.73611615896225,-0.426092335752467,-0.133053648994532
0.869313180446625,-0.0686702504754066,0.162503596183525,0.0837109211366738,0.55887546390295,1.20612778862317,-0.252684975350034,0.0813932794109287
1.38602328300476,0.136775925755501,0.209003982337173,0.0662768098165868,1.0072842925787,1.81125484108925,0.00315205597949447,0.257979548231185
0.781982481479645,-0.113958850502968,0.136180130056687,0.0815718993529577,0.52938369512558,1.05233202775319,-0.276229463646637,0.0221527856098884
0.342863351106644,-0.475978821516037,0.0745403574731199,0.100924376204403,0.196578546489278,0.487935642401377,-0.706463882165875,-0.311637464135812
0.802036643028259,-0.101204089820385,0.12543243620221,0.0690217960920257,0.570770780742168,1.04811803003152,-0.243538272721233,0.0204101905889338
0.663840889930725,-0.212644755840302,0.248037232939981,0.184048768536806,0.229471666241686,1.17690564592679,-0.639270980577324,0.0707416273480078
0.289238631725311,-0.55678117275238,0.0789147484565154,0.130489616952474,0.13820486056308,0.44415406982104,-0.859476717264929,-0.352466354526174
0.489135533571243,-0.317431628704071,0.0794920642486292,0.0838959944129822,0.33357844427228,0.635191330810388,-0.476802040121721,-0.197095459062559
1.53068363666534,0.174473330378532,0.336726957694652,0.096074173259007,0.928218132257462,2.21335494120916,-0.0323499540933088,0.345051060806253
