PHI,log10.PHI,Std.Dev,log10.Std.Dev,0.025,0.975,log10.0.025,log10.0.975
1.10166430473328,0.034576527774334,0.208960469384906,0.0802251901681021,0.75835107366244,1.604299685359,-0.1201298292348,0.205285464857873
1.50993323326111,0.172783106565475,0.262262136113992,0.0725657282436871,1.09703108966351,2.13867412805557,0.0402179435515135,0.330144582602332
1.28150534629822,0.100674040615559,0.231001601646597,0.0785795518533563,0.878965140382449,1.76740954617659,-0.0560284240139213,0.247337195586355
0.669134676456451,-0.183987364172935,0.120720229588121,0.102646793811046,0.458748407165209,0.911063892642657,-0.338425473805239,-0.0404511860658321
0.235418438911438,-0.678002297878265,0.108924769266375,0.216630553978888,0.0758727512011925,0.486684277653694,-1.11992012915392,-0.3127531589909
1.1165474653244,0.0391671434044838,0.225296726865142,0.0872270221587052,0.740121066073577,1.63047147989273,-0.130697283290909,0.212311303943622
0.579919815063477,-0.30282735824585,0.305119123158476,0.254895776294743,0.136621272439758,1.24930900037289,-0.86448739818494,0.0966616323067276
0.803670048713684,-0.106712065637112,0.184123219301453,0.102989013375556,0.471259188155333,1.19222500622272,-0.32674036926451,0.0763577876844216
0.969232201576233,-0.0327837653458118,0.277556498957637,0.133733717058705,0.464973354587952,1.58331649800142,-0.332572826620606,0.199567520749291
1.22801697254181,0.0807598084211349,0.255849444946483,0.0845070834924091,0.817835647861163,1.7097738613685,-0.0873347773163443,0.232935770720995
0.343468964099884,-0.51919549703598,0.157946130621665,0.238043830972307,0.0778882634515564,0.664769753317038,-1.10855627498563,-0.177328832570785
2.24145340919495,0.345900416374207,0.342958177738126,0.0622630937898212,1.73435785075029,3.08418680826823,0.239138706742594,0.489138436747592
0.340190291404724,-0.510544180870056,0.143037226698965,0.200723834307611,0.106451979279518,0.669690178334713,-0.972853324366107,-0.174126209907866
1.54806292057037,0.1841059923172,0.26234634080054,0.0690833278628155,1.15667205254237,2.20433125495911,0.0632101649551218,0.343276853113272
3.2022180557251,0.500945329666138,0.489150501901524,0.0610484433016621,2.55331895550092,4.54651582638423,0.407105017224833,0.657678692955854
1.47748804092407,0.164653822779655,0.226419921933441,0.0646204978808404,1.09277787903945,1.99855337540309,0.0385314917020139,0.300715529388741
0.645036578178406,-0.218355402350426,0.219947805281935,0.162995718939998,0.249078616127372,1.10321129858494,-0.60366418214117,0.0426586223442373
0.634489059448242,-0.206960618495941,0.125876889978424,0.0937622131895946,0.396482753753662,0.886033233503501,-0.401775707182636,-0.0525502871626511
1.71466100215912,0.229864478111267,0.250269595456511,0.0603815983901808,1.33285832901796,2.38095364570618,0.124783952672249,0.376750077572248
1.89591133594513,0.273098707199097,0.301783662448044,0.0620932887346493,1.49505373736223,2.72669042150179,0.174656734889948,0.435631941886637
0.353214502334595,-0.478794991970062,0.118388376837393,0.159248828498867,0.13633707066377,0.605422150095304,-0.865386650204985,-0.217941700662192
0.517962872982025,-0.333408236503601,0.221824380311946,0.221791260323399,0.144114349161585,1.00543362001578,-0.84129660789492,0.00234297977997332
0.301245987415314,-0.593056619167328,0.188100974253337,0.262894352947404,0.061598265512536,0.72339462985595,-1.21043449640369,-0.140627740310945
2.01343774795532,0.299743145704269,0.291077421654897,0.0594587493008178,1.58488959670067,2.67112967173258,0.199998803273159,0.426691302383996
1.60393714904785,0.201050102710724,0.226931567325437,0.0594213628610182,1.25009050071239,2.15397082169851,0.0969414018811004,0.333239218382574
0.809057414531708,-0.106901906430721,0.190323726811492,0.123399811133564,0.410051481425762,1.17081749240557,-0.387317810685353,0.0684887026801702
2.462970495224,0.387655854225159,0.333785393763381,0.0569757401243433,1.93710260589917,3.26471525430679,0.287152402862777,0.51384516468107
0.342289656400681,-0.54717618227005,0.290407005199065,0.268267099543857,0.0670553625250856,0.735896181066831,-1.17359678100887,-0.133183964336928
0.418942153453827,-0.399084359407425,0.119917082613141,0.145497552138725,0.176501005763809,0.667812359333038,-0.753282622205653,-0.175345547975834
0.884731113910675,-0.0872252807021141,0.319269634211385,0.18700947772643,0.280484616011381,1.57074331839879,-0.552192391838616,0.196105192837629
1.61710751056671,0.200832784175873,0.303983559863493,0.0843164399699024,1.09984439909458,2.29248870015144,0.0413311991498329,0.360300951549538
0.486889839172363,-0.363523870706558,0.218581969575655,0.224562540561811,0.119973599910736,1.0087440614899,-0.920921836815859,0.00375281474898768
0.203742578625679,-0.729860603809357,0.0792162705161327,0.1985131934121,0.065912027284503,0.378395421306292,-1.1810428440238,-0.422054140638322
1.00954616069794,-0.00513632921501994,0.20300740726233,0.0920566424149528,0.661502459148566,1.44879755973816,-0.179469281812107,0.161007700871258
0.250722914934158,-0.64470511674881,0.113000554874628,0.200665540416845,0.0835458631316821,0.492872434357802,-1.0780841208752,-0.307265625149023
1.01148974895477,-0.000963564380072057,0.167453519026405,0.0719600059489154,0.721734474599361,1.37362129588922,-0.141623499350508,0.137862879405872
1.13655149936676,0.0513296276330948,0.163389500185015,0.0603107203859695,0.87294036646684,1.50562039514383,-0.0590154245302666,0.177715462220833
0.336354434490204,-0.494235008955002,0.100148513713867,0.140249990746724,0.146085021148125,0.545985109607379,-0.8354032948333,-0.262819685456428
0.955004394054413,-0.0302106495946646,0.200872244420762,0.0971486968668569,0.596391967435678,1.38927201827367,-0.224470834799516,0.142785743082172
0.771680593490601,-0.125965878367424,0.188802092102752,0.109704547227117,0.446319929758708,1.17683145801226,-0.350362779085422,0.0707127541666719
0.751426637172699,-0.147474944591522,0.212209855476471,0.159152754160824,0.241409592578808,1.15280016958714,-0.617431671518768,0.061753469626568
1.91793692111969,0.276942163705826,0.331773601871758,0.0701786628479754,1.4485853711764,2.81511187156041,0.160944074228331,0.449495204864369
0.639770746231079,-0.217951327562332,0.207146774305457,0.149757414599223,0.281717347602049,1.04675705432892,-0.550231309466615,0.0198458673586859
0.555968105792999,-0.312094390392303,0.2627326626797,0.242701346818022,0.141110275189082,1.12663714587688,-0.850466482823401,0.0517840543261332
0.16313262283802,-0.822437584400177,0.0634042144171798,0.180935588622333,0.0597757642778258,0.295418436080217,-1.22347552101073,-0.529564155566617
0.390451729297638,-0.437703847885132,0.125887735973084,0.175781869887213,0.121448364915947,0.635372767349084,-0.915654678829152,-0.196971579190728
1.10638058185577,0.0302503276616335,0.270088021558035,0.111658826509478,0.590766131877899,1.64839129646619,-0.22860205562352,0.217060307487648
0.191260188817978,-0.761097013950348,0.0803466400452397,0.20323145351039,0.0604562954977155,0.373249185830355,-1.21855848316503,-0.428002342705382
2.82176351547241,0.446033537387848,0.430976028075553,0.0608872318632884,2.25633531212807,3.96718557675679,0.353403594632976,0.598482471179629
0.452849417924881,-0.362569600343704,0.126500724798414,0.13112255221065,0.215499955415726,0.701920641462008,-0.666553118257035,-0.153712290928511
0.429420053958893,-0.391101658344269,0.125343149770071,0.159623772806874,0.157880337412159,0.671964259445667,-0.801734323085811,-0.172654445229988
0.599682509899139,-0.25402307510376,0.21271019034987,0.177267751079938,0.197879553586245,1.02321395973365,-0.703622542311196,0.00996636885388874
1.31851577758789,0.10915545374155,0.303484854003673,0.0973641461531964,0.798677162329356,1.98314963877201,-0.0976289443967368,0.297355461226478
0.579708158969879,-0.279653459787369,0.243837840196252,0.203104650871977,0.192435359582305,1.09351208607356,-0.715715190566462,0.0388227812420796
0.594064474105835,-0.243924289941788,0.142044263260354,0.140840319192412,0.1765536463509,0.841644727190336,-0.753262268699879,-0.0748712321468017
1.96310114860535,0.283044546842575,0.420699937927018,0.0930724545301731,1.24954613645871,2.93708825111389,0.0967522634146477,0.467916391593528
0.547978341579437,-0.275052517652512,0.117051315650121,0.125941434294725,0.32723811318477,0.77875409424305,-0.485147839692789,-0.108600171848736
1.45690536499023,0.153152629733086,0.314180220181731,0.0955668325549171,0.890264394879341,2.12970681587855,-0.0504816592449195,0.328319720765267
0.214509099721909,-0.718702852725983,0.101126712491338,0.216674753108489,0.0674023604020476,0.466156582782666,-1.17132653114212,-0.331468996896353
0.402800261974335,-0.42246487736702,0.137937360089382,0.160823693127572,0.165486090257764,0.704490045706431,-0.78124412093748,-0.152136559702748
0.44109770655632,-0.36749267578125,0.100721624205256,0.104892099136297,0.259081488351027,0.641597718497117,-0.58656369463518,-0.192737224273508
0.961868464946747,-0.0363066643476486,0.267619192494254,0.137426411378728,0.375199709335963,1.53168516953786,-0.425754409336561,0.185169278192836
1.75415885448456,0.238388851284981,0.289069871550723,0.0699459295613103,1.26380541026592,2.44394883712133,0.101680151138371,0.388090720880993
0.644822835922241,-0.225584030151367,0.234348462509771,0.1882011100563,0.195512632528941,1.09884260892868,-0.708827522660159,0.0409354905155029
0.513222932815552,-0.316646665334702,0.170606636519385,0.160256598599335,0.197651079917947,0.870940202971299,-0.70410974319419,-0.0600123316158628
0.208791583776474,-0.717369496822357,0.0820656375107273,0.187501132484831,0.0713507413243254,0.383616728335619,-1.14660352628753,-0.416103239567742
1.40533947944641,0.140528410673141,0.239139893726027,0.0846165522924078,1.00236457387606,1.87706788579623,0.00102570903629861,0.273479967563366
0.507837057113647,-0.312990337610245,0.138295347497305,0.135358184938683,0.228293614462018,0.797913113733132,-0.641526486080493,-0.0980475043588925
1.96294760704041,0.287873685359955,0.317296635592387,0.0645994598721413,1.51320260663827,2.84033254782359,0.179896587802241,0.453366928152885
0.463300973176956,-0.361357271671295,0.154887066574651,0.162190549129056,0.193350212896864,0.805773357550303,-0.713656547935466,-0.0937916671010838
0.501271724700928,-0.359096467494965,0.257002178391639,0.239626541940646,0.117328923692306,1.02956299483776,-0.930626315210934,0.012649482694403
0.622099459171295,-0.232503220438957,0.201790709643195,0.159796794052081,0.23506366747121,1.03596217930317,-0.628823137428977,0.0153438358086371
0.128000691533089,-0.931587517261505,0.0517770600967667,0.193374681348606,0.0411376376015445,0.239296978215377,-1.38577623638716,-0.621063560867144
0.59320080280304,-0.242086142301559,0.152640286414296,0.118716505151688,0.322179080794255,0.897037097811699,-0.491904679469023,-0.0471897961194364
0.164386495947838,-0.827646434307098,0.0741395056703364,0.198529941323349,0.058316478288422,0.333719109495481,-1.23421122209918,-0.476619348946486
0.581151008605957,-0.256182730197906,0.15066738795556,0.151755198648887,0.200338242575526,0.855995720624924,-0.698635025379342,-0.0675284800939128
0.45210662484169,-0.359931200742722,0.112998976568054,0.119814199854205,0.227097082386414,0.67723306119442,-0.643790233241528,-0.169262309182541
0.434562116861343,-0.418948888778687,0.219241560675683,0.23560446293017,0.0950577611103654,0.883187095324198,-1.02201286856835,-0.0539484733001652
0.208337411284447,-0.74198043346405,0.101817745636795,0.247605750052515,0.0470316898388167,0.430169721196095,-1.32761261043103,-0.36636142782056
2.29841160774231,0.354180723428726,0.445117154692598,0.0778044202930019,1.64538840850194,3.2907223602136,0.216266687940032,0.517291042191611
0.965722858905792,-0.0226924605667591,0.174881806224785,0.0828376934128405,0.646377186477184,1.32376649876436,-0.189514295462483,0.121811274002413
1.22070789337158,0.0706519111990929,0.324490088936727,0.120202956553204,0.637147871156534,1.89292679627736,-0.195759766283632,0.277132862109714
0.586874783039093,-0.246194884181023,0.131839109311979,0.127612207769193,0.342368808885415,0.832241847117742,-0.465509702010905,-0.0797505259042539
0.607584834098816,-0.236459672451019,0.179928814517722,0.136247387727578,0.296213257561127,0.9913745145003,-0.528395511170719,-0.00376245925948259
0.359703838825226,-0.469639152288437,0.114510993356634,0.158240425751691,0.135305972769856,0.599718016386032,-0.868686264761526,-0.222052912313951
1.5278514623642,0.172525733709335,0.349524194580546,0.101413034533939,0.932493954400222,2.27304910024007,-0.0303539820974709,0.356607923124503
0.613534331321716,-0.249865993857384,0.257651640097219,0.185519136061946,0.216532028093934,1.16694792012374,-0.664482535334325,0.0670513886425405
0.5848468542099,-0.249517142772675,0.153278740027251,0.124770430518317,0.289635580033064,0.889278061687946,-0.538148443578633,-0.0509628041180053
2.42926263809204,0.381239831447601,0.34431059598578,0.0604306035197392,1.82935503621896,3.21337544322014,0.262295911046413,0.506961464411443
0.398060649633408,-0.421371042728424,0.114557931714251,0.144855747147847,0.158229170118769,0.6155006741484,-0.800713717348879,-0.210777776989358
0.776598393917084,-0.124776013195515,0.172084123011764,0.12942314551316,0.427632343024015,1.09793577889601,-0.368942712376124,0.0405767152623911
0.272849380970001,-0.607308328151703,0.114305486269943,0.206026256100367,0.082825335363547,0.533959762752056,-1.08184308864765,-0.27249173934106
0.573505938053131,-0.25751930475235,0.130493949124122,0.13580532115215,0.314189652850231,0.806263420482477,-0.502831416788744,-0.0935230435363607
1.12504434585571,0.0475625395774841,0.150812591250361,0.0551220771755079,0.893620036542416,1.46160962581635,-0.048847175722128,0.164831314447567
0.178500637412071,-0.796515226364136,0.0817112072277204,0.214095407587844,0.051379360537976,0.381472340971231,-1.28924307575038,-0.418537400004247
0.816463053226471,-0.0968887060880661,0.1624163054465,0.0886427592063131,0.517414883275827,1.15394752919674,-0.286170382124812,0.0621855864097169
1.6040244102478,0.199716076254845,0.260756188634652,0.0687588497719046,1.17715292274952,2.18056206305822,0.0708319017950148,0.338568133849639
0.606076598167419,-0.23282715678215,0.152153513802891,0.121027870870007,0.320287191371123,0.928396433591843,-0.494465844882333,-0.0322666289403632
0.731953382492065,-0.145223155617714,0.141674884360286,0.0991463041895877,0.487698645144701,1.00928754111131,-0.311848466482411,0.00401410452768332
0.286307811737061,-0.592222929000854,0.12755423334391,0.220509562388286,0.068564038661619,0.57361663877964,-1.16396632389783,-0.24138049996062
0.603421688079834,-0.231630265712738,0.140040866622051,0.105213948039407,0.338115181525548,0.87839644352595,-0.470936007347827,-0.0563098476723952
0.934904456138611,-0.0406976342201233,0.207248196205186,0.102750691506978,0.552046034236749,1.35629939536254,-0.258027439550729,0.132355245258334
1.40864729881287,0.133797124028206,0.358939840316782,0.118143422712315,0.791211738685767,2.20192097624143,-0.10170941911104,0.342800455646565
0.364631503820419,-0.456176102161407,0.101622224633184,0.128584177638943,0.185092136760553,0.571587484081586,-0.732615161261285,-0.242918412372834
1.73292076587677,0.23291540145874,0.288008016619603,0.0712489773128965,1.25031208097935,2.39885700941086,0.0970184201548868,0.380003328174009
0.253652036190033,-0.629112184047699,0.0944607732056951,0.177950852995482,0.0902316526199381,0.461669454226891,-1.04465753951584,-0.335670385972579
0.488394945859909,-0.354635536670685,0.207486013061713,0.203647391117379,0.161317618687948,0.965231877565384,-0.792321553579222,-0.0153721123282247
0.941874325275421,-0.0460512079298496,0.270993784301815,0.137778345057942,0.432507407665253,1.53801296055317,-0.364043522060433,0.186959646539236
0.610127329826355,-0.273307293653488,0.29659151043909,0.242914707760467,0.136806978782018,1.28055136303107,-0.86389232578784,0.107396560557659
0.245300799608231,-0.653083145618439,0.105549578247353,0.200587804352896,0.0798851437866688,0.473468245317539,-1.09753599531429,-0.324709628622085
0.173304632306099,-0.805313408374786,0.0751166613555907,0.205989076916779,0.0560963151666025,0.334419787923495,-1.25111574856394,-0.475727348525884
0.486055314540863,-0.359559118747711,0.212309139454197,0.210800700509741,0.145960360889633,0.966887198885282,-0.835765174136011,-0.0146246288825928
0.105781175196171,-1.02726721763611,0.0488787674543309,0.227978278360348,0.0290116499643773,0.217701132098834,-1.5374277823134,-0.662139317701302
0.469608962535858,-0.347233802080154,0.13225090980352,0.133712704998151,0.219418974220753,0.76104651838541,-0.65872591901716,-0.1185966591175
0.808360755443573,-0.106201685965061,0.154944803837088,0.135754104475369,0.549940661092599,1.11736145615578,-0.259684924468551,0.0481923273316237
0.857072532176971,-0.0938457548618317,0.279973417791404,0.162070533971113,0.330021679898103,1.43972379565239,-0.481460842478456,0.158279119522093
0.622447550296783,-0.222660720348358,0.169375241919904,0.123349751748806,0.328746645897627,0.999450017511844,-0.483138907481283,-0.00023999163970634
0.703214168548584,-0.169458046555519,0.187602551548805,0.123286445457433,0.354745724548896,1.09542425175508,-0.450086736637709,0.039581995554237
0.675811886787415,-0.19490247964859,0.21761988028574,0.153006810196454,0.261115781714519,1.13827413320541,-0.583178985570434,0.0562362645930264
2.27409625053406,0.350517809391022,0.413982473593292,0.0721654842501375,1.68494503200054,3.2936018705368,0.226585731118646,0.517670719465909
1.51000380516052,0.164810836315155,0.390078200056243,0.111715204342684,0.854182780782382,2.36440204779307,-0.0684848203092953,0.373719695122983
1.12300252914429,0.0435639955103397,0.199266007372109,0.0773832845071708,0.779482970138391,1.55625285009543,-0.108193842360444,0.19208015956442
0.505207419395447,-0.324569672346115,0.172615660776991,0.163190813663914,0.210990385214488,0.875814002752304,-0.675737343286494,-0.0575934337297218
0.177174881100655,-0.791616499423981,0.0738851522521126,0.194910025762035,0.0591372931065659,0.345527815570434,-1.22813856035259,-0.461517349619018
0.848171770572662,-0.0801650211215019,0.16489179801361,0.0886170408877754,0.534531279901663,1.19339344104131,-0.272027509770572,0.0767835576540909
0.364401578903198,-0.466719567775726,0.124356827977863,0.163980009139901,0.132373095055421,0.62431978782018,-0.878234548883021,-0.204597793131708
0.27515897154808,-0.586978852748871,0.0904178675512838,0.160063908868672,0.103887177196642,0.455952262878418,-0.983445562749598,-0.341080875301847
0.359679013490677,-0.4766725897789,0.128693289118459,0.179859918303403,0.113154193448524,0.631650824348132,-0.946329503829907,-0.199522933499388
0.574598610401154,-0.256022542715073,0.135129837255678,0.127472015154338,0.305347750087579,0.843877431750298,-0.515206152828045,-0.0737207097365711
0.738881170749664,-0.143986210227013,0.17372231531336,0.106625435170038,0.409922634810209,1.10171282788118,-0.387298101015298,0.0420683893097715
0.402195513248444,-0.458220183849335,0.201589613576829,0.252813231416453,0.0919227903087934,0.852491018176079,-1.03684173044774,-0.0693148486408516
0.767267286777496,-0.125226870179176,0.159336136071749,0.097441307988426,0.485239038368066,1.10340784788132,-0.31405447969367,0.0427360553077887
0.395140677690506,-0.426208108663559,0.114592343666086,0.154204848164385,0.149978826443354,0.620764626562595,-0.824012059363442,-0.20707303979007
0.924233853816986,-0.0434763506054878,0.186557417166142,0.0913352774323016,0.577653936048349,1.30015372633934,-0.238332964597003,0.113994705040547
0.256662398576736,-0.630396842956543,0.100933386870926,0.198873164053978,0.0736086683968703,0.461775384843349,-1.1330710402451,-0.335571113759885
0.542025983333588,-0.296525716781616,0.193161902111844,0.171054931922698,0.199127016464869,0.979597083230813,-0.700872215421788,-0.00895326764719026
0.851382911205292,-0.084865115582943,0.20097684202184,0.124637555131794,0.462409342328707,1.23595102727413,-0.334974223757067,0.0920011008077658
1.0168684720993,0.00237459479831159,0.147603023361304,0.0671215590428838,0.773604778945446,1.34424694776535,-0.111480857811847,0.128476702034953
0.318323075771332,-0.522846162319183,0.0944979553859271,0.166495711720648,0.101124113673965,0.497945295770963,-0.995145705473368,-0.302818797780313
1.20737624168396,0.0763281956315041,0.186555889562046,0.0713637431127315,0.897696708142757,1.60672479271889,-0.0468709076679878,0.205941358923097
0.382860392332077,-0.435800164937973,0.11056057791147,0.131578667716463,0.18285599462688,0.61164577404658,-0.737898300446576,-0.213500034701796
0.50844144821167,-0.307124584913254,0.119671358633615,0.112705448593934,0.283140740295251,0.755033780634403,-0.547997868219734,-0.122035900343692
1.06996715068817,0.00884743500500917,0.317309291833901,0.138124729734476,0.510817967355251,1.74371399680773,-0.291775031579195,0.24147512669994
0.877784967422485,-0.0776714980602264,0.261228500786615,0.140474861847979,0.417394887655973,1.44382366637389,-0.379452883312657,0.159514048473399
1.14090406894684,0.0477532632648945,0.232449634080395,0.0929211294202975,0.719674081106981,1.63317663967609,-0.142864205024489,0.213033151256109
0.74619448184967,-0.140154510736465,0.163274005564913,0.116133523849685,0.427628836035728,1.07958412071069,-0.368966211815233,0.0332546205665147
0.323214173316956,-0.518987655639648,0.106779344343552,0.169135537852901,0.115019701359173,0.537646721303463,-0.939230948882806,-0.269510475525818
0.352509438991547,-0.480156689882278,0.105356235888471,0.177014633250685,0.115183670632541,0.554945426682631,-0.939541433662799,-0.255750095226177
1.06893920898438,0.0232788473367691,0.173144975114093,0.0704604717740035,0.784593483805656,1.46851729551951,-0.105355806693533,0.166879065774449
0.241166919469833,-0.63910174369812,0.071130625493734,0.143103734637573,0.104501993954182,0.379581046352784,-0.980878445237954,-0.420695495084347
0.811949372291565,-0.106713838875294,0.217719700089155,0.121655977887482,0.411219927420219,1.29222536385059,-0.385926617970534,0.111338250589994
1.7794805765152,0.246141090989113,0.235020670032492,0.0637323471187672,1.45159894327323,2.39895252585411,0.161846127663066,0.380021455479595
1.12088847160339,0.0124897239729762,0.41838589467571,0.194848338763693,0.315071342885494,1.96614464620749,-0.50159110555536,0.293614732781487
0.534218788146973,-0.281351923942566,0.103871440255227,0.0927772571379737,0.338174992551406,0.755489858488242,-0.470886701856657,-0.121771404754836
0.212533056735992,-0.724149823188782,0.0932607051534646,0.232193690573004,0.0496005104233821,0.41124890546004,-1.30451406402421,-0.385895564860791
0.281964957714081,-0.584402322769165,0.101225196565664,0.189239450278457,0.0780614082391063,0.505234789848327,-1.1075639011816,-0.296515002757054
2.10874533653259,0.317503452301025,0.368553865934183,0.0753300252780374,1.4749403655529,2.91862995823224,0.16876956373855,0.4651788746497
0.481240391731262,-0.333922654390335,0.123937238940639,0.124615876258417,0.236821768184503,0.732216113309065,-0.625579450551427,-0.135361996531389
0.661347031593323,-0.199436128139496,0.181737012822861,0.141076574864386,0.284706987192233,0.995251533885797,-0.545605024842971,-0.00206796389246249
0.643361210823059,-0.202690809965134,0.130086545413923,0.107786448586147,0.396023799975713,0.885322785377502,-0.402278772943615,-0.0528983873047994
0.246541038155556,-0.64038747549057,0.0912002798221242,0.174307066937041,0.0969368019451698,0.439843238393466,-1.01356655351034,-0.356702096060403
0.646844685077667,-0.235845342278481,0.267344783756436,0.220978160405295,0.167780576397975,1.19583855569363,-0.775258768967681,0.0776724220805398
1.42952919006348,0.150381192564964,0.217332864731472,0.0642553060848635,1.07158694465955,1.96416949133078,0.0300273294803239,0.293166415919496
0.225415632128716,-0.686424851417542,0.0919228055227005,0.193082900782619,0.0764991134405136,0.432124273727338,-1.11636123626014,-0.364391348280713
0.822992503643036,-0.0956042110919952,0.156154072640434,0.111241587249778,0.545892149209976,1.10638274451097,-0.262901538766737,0.0439052963793829
0.621480405330658,-0.217925935983658,0.140566628315347,0.10063881086264,0.371886043747266,0.915387686590354,-0.429590131249904,-0.0383950154104505
1.20932376384735,0.0720948502421379,0.263013951365766,0.0964208857340763,0.722031114498774,1.75085411667824,-0.141444172537893,0.243246150388496
0.697983264923096,-0.167191699147224,0.142249211344351,0.10687439294414,0.4338201093177,0.975906837483247,-0.362690334012101,-0.0105917037659027
0.301590472459793,-0.572595953941345,0.13775801076633,0.229516868075819,0.0712264642119408,0.620563334226608,-1.14736928241368,-0.207219818556485
0.233165130019188,-0.681707322597504,0.108790693151009,0.214711564754517,0.0698518219093482,0.483722219616175,-1.15583953611936,-0.315404982545023
0.48700138926506,-0.326318204402924,0.12047357335559,0.111774949130294,0.268507650246223,0.745888156195482,-0.571043451257214,-0.12732758042108
0.596839547157288,-0.240531906485558,0.159410940586995,0.122476786024461,0.308791274825732,0.959099898735682,-0.510335786759508,-0.0181463483026602
0.291933298110962,-0.564399361610413,0.100589455848566,0.170050145109463,0.108323483914137,0.49937263528506,-0.965277435016318,-0.301575615244403
0.52977192401886,-0.289551466703415,0.126194373802785,0.113317861888835,0.273133680721124,0.78305860410134,-0.563626035848355,-0.106205830792312
0.315436899662018,-0.522091746330261,0.0941887463453639,0.139674291018193,0.14453223956128,0.516018537680308,-0.840035271307258,-0.287334724557814
1.22744691371918,0.079322062432766,0.241729927038833,0.0973620513180228,0.795055714746316,1.76475570102533,-0.0996024556786558,0.246684592566313
0.805575847625732,-0.111912772059441,0.223590955190299,0.128829955151052,0.404383740822474,1.26408749918143,-0.393206720445066,0.101777136202151
1.20235133171082,0.0647643506526947,0.311604779186099,0.117606676950291,0.659158967932065,1.88182139992714,-0.181009860514885,0.274578057139973
1.07664453983307,0.0172148123383522,0.273145165168209,0.117010153249151,0.579515660305818,1.65148180822531,-0.236941239727806,0.217873010708283
0.828009843826294,-0.0984431430697441,0.223798324105663,0.122434450628319,0.421724785864353,1.31389984190464,-0.374973674215263,0.118560381599686
1.41690135002136,0.146024361252785,0.199130047891024,0.0749709013280004,1.1090238571167,1.83241448799769,0.0449408518024741,0.263023696933038
1.51473903656006,0.175768315792084,0.217785976031846,0.0639078782032744,1.13905722300212,1.98947612146536,0.0565450344066189,0.298738628508567
1.30984997749329,0.109636060893536,0.241429079698457,0.0822283641545318,0.862940447032452,1.78645518223445,-0.0640193747824241,0.251991868220546
1.62482511997223,0.204361662268639,0.288655832694036,0.074124015403733,1.16759235560894,2.32332437038422,0.0672912427848904,0.366107011826726
1.32833504676819,0.11841206997633,0.186492018525023,0.0692088648419743,1.03772606750329,1.72723991374175,0.0160826685696889,0.237352383178701
1.72289371490479,0.229484543204308,0.315937990854186,0.0757835804443294,1.222640701135,2.43919746478399,0.087298828758496,0.387246907937969
1.07932150363922,0.0211406033486128,0.242006018538155,0.105976190900309,0.606593382358551,1.5706866612037,-0.217103212240043,0.196086895641677
0.345886766910553,-0.480868220329285,0.101228435090393,0.134999804275865,0.161191476881504,0.558845175306002,-0.7926581376868,-0.252722551650043
0.58493959903717,-0.243661060929298,0.12625916889152,0.0991667421583415,0.344884260247151,0.837283818920453,-0.462329652255651,-0.0771273090243228
1.28360271453857,0.100269891321659,0.189926705857997,0.103104255316492,1.03436625699202,1.6547892053922,0.014674220237601,0.218742664562245
1.9517297744751,0.275415182113647,0.607276506600056,0.110761160797829,1.14276468555133,3.04345217545827,0.0579565483537461,0.483366066534766
1.42761778831482,0.146316483616829,0.274115688704206,0.0864243372564861,0.932485483090083,2.00811918377876,-0.0303635406059092,0.30278942672669
1.26551401615143,0.0726321414113045,0.452305134259834,0.167064238503198,0.501818293829759,2.28143720626831,-0.299453722610641,0.358206567646262
1.74099349975586,0.232567057013512,0.336829033778331,0.0854015789745395,1.1181597361962,2.4784653544426,0.0485024003123846,0.394182821582971
0.839276552200317,-0.0818793624639511,0.135973506850419,0.0715628780486187,0.599835793673992,1.14291075368722,-0.221967688625695,0.0580123190182814
0.310208886861801,-0.539543747901917,0.110133466156733,0.173445876022364,0.112752248595158,0.541341988742352,-0.947877327463002,-0.266529201433353
1.4110027551651,0.144945710897446,0.210119249851809,0.0626531936311496,1.06087192296982,1.92852267523607,0.0256622362713342,0.285210173924473
0.62781298160553,-0.210981711745262,0.121485637461981,0.0903440364386452,0.396360932538907,0.882712090015411,-0.401910874240161,-0.0541814767210752
0.274367570877075,-0.588495194911957,0.0906241307956842,0.160111263981749,0.106516397806505,0.46101100842158,-0.972584615789127,-0.336288772968583
0.806039452552795,-0.106088295578957,0.192159319571611,0.10517660050352,0.460221134622892,1.21843051115672,-0.337033445795846,0.0858005129742836
0.129668056964874,-0.940604507923126,0.0676039749659792,0.21849112860611,0.0404479037970304,0.282947226117055,-1.39310902513546,-0.548296882141946
1.42256081104279,0.141267910599709,0.328418157953485,0.102587071033746,0.827131693561872,2.13732922077179,-0.0824253815243559,0.329870114498605
0.670089900493622,-0.180128395557404,0.112790966429009,0.0744260008689633,0.456619031478961,0.898839669922988,-0.340447054350765,-0.0463177722177403
0.176565989851952,-0.797511100769043,0.077590601797491,0.204475206837828,0.0555306069242458,0.355027883748213,-1.25546760137992,-0.449756610972045
1.30743169784546,0.109275303781033,0.240582485282596,0.0786867154148943,0.917610112826029,1.87404756049315,-0.0373421471052077,0.272771460046902
0.911840260028839,-0.0448155477643013,0.134180831904299,0.0645295614663582,0.664150587220987,1.20593630373478,-0.177733535019975,0.081324332732652
0.554332673549652,-0.268413007259369,0.114391851460542,0.114356874250445,0.329249543448289,0.770747303962708,-0.482493538989046,-0.113087985740172
0.872987806797028,-0.0676436573266983,0.170962240025799,0.0881525164452178,0.557795446117719,1.23876249790192,-0.253525037992428,0.0929880491219551
1.42067039012909,0.145592704415321,0.247854045197157,0.0793014021224801,0.986838601032893,1.93695461253325,-0.00575530132294345,0.287119328199983
0.777305483818054,-0.121157750487328,0.162253183899,0.110275516639051,0.456559420625369,1.10997411608696,-0.340512855317732,0.0453121532194283
0.342623829841614,-0.47669580578804,0.0771392563294165,0.101986248657235,0.202199725682537,0.505786821742852,-0.694219912420563,-0.296032660393456
0.820374548435211,-0.0925879925489426,0.142812529664068,0.0762119951717359,0.563070949912071,1.15571520030499,-0.249437526756035,0.0628507944108911
0.685466408729553,-0.200346261262894,0.274694428492149,0.183383852101436,0.250183133408427,1.28569588760535,-0.601750177535959,0.109138195676127
0.288562893867493,-0.566423356533051,0.0893055093483997,0.168028360700961,0.104486765464147,0.469481604794661,-0.981165404409604,-0.328381420302863
0.484713196754456,-0.326102763414383,0.0975693649974777,0.112412753149301,0.308200499167045,0.678606845935186,-0.511166664442301,-0.16838309998059
1.5713301897049,0.183418422937393,0.393579392332196,0.105837187254126,0.927043515940507,2.43211766084035,-0.032899905943488,0.385974393732171
