PHI,log10.PHI,Std.Dev,log10.Std.Dev,0.025,0.975,log10.0.025,log10.0.975
0.52984231710434,-0.400995224714279,0.452565949966184,0.312367923959436,0.159592444449663,1.67653483251731,-0.796987681898715,0.224412565876534
0.710813820362091,-0.26675283908844,0.585184478078901,0.30514489589806,0.217974550276995,2.19618397553762,-0.661594226007566,0.341668664750745
0.433814018964767,-0.555107295513153,0.425220294966687,0.459875272965927,0.0385390572249889,1.63229909439882,-1.41409941899069,0.212799730637107
0.237250730395317,-0.769609868526459,0.219542600127884,0.335594145938985,0.0611491511265437,0.827503906687101,-1.21360957047415,-0.0822299476537873
0.563167035579681,-0.373471617698669,0.475297907217159,0.312986245944685,0.160987235729893,1.80024177034696,-0.793208564452822,0.255330484185466
0.146970137953758,-1.46210205554962,0.240842004249218,0.946223836408595,0.000216185481258435,0.866238013903301,-3.66517835121987,-0.0623629992772966
0.0446938276290894,-1.99627006053925,0.0788627510514014,0.896908827884734,0.000100813884516053,0.299920597175758,-3.99647979755232,-0.522994794590238
0.552948772907257,-0.383063971996307,0.471521607756412,0.314148109307034,0.162928596884012,1.76338936984539,-0.788002765907323,0.246347980814735
0.43218207359314,-0.521060526371002,0.396669091102393,0.385866497628247,0.0707993833969037,1.50465589861075,-1.14997053754523,0.177437166398626
0.35450491309166,-0.589745938777924,0.316786008335671,0.335000650259355,0.0816881662855546,1.20301546255748,-1.08784131582738,0.0802711022951624
0.589632153511047,-0.353285104036331,0.501018232430699,0.311237024166994,0.174294936284423,1.87876542210579,-0.758715391391777,0.273872544158804
0.427048295736313,-0.558509349822998,0.413209774853127,0.457948660538421,0.0321782633041342,1.57285241683324,-1.49243740537927,0.196687411593672
0.735241174697876,-0.248935520648956,0.601895128905827,0.299292932184188,0.250033236543337,2.22365671594938,-0.602002257503268,0.347067703538421
1.59392559528351,0.0926988497376442,1.26086756099845,0.292749857191512,0.574117826422056,4.68600422541301,-0.24099960561642,0.670802669078237
0.0604339651763439,-1.87816798686981,0.110146796720441,0.9044552163888,0.000153264640660685,0.41144082074364,-3.81455941135874,-0.385692696041852
1.0874879360199,-0.0760600045323372,0.873455353146675,0.296033784234334,0.381167087207238,3.22690084179242,-0.418884614365071,0.508785618554608
0.445027679204941,-0.529564261436462,0.430479723864906,0.425217754313226,0.0494066716482242,1.61807785431544,-1.30623177933014,0.208999404510763
0.13277243077755,-1.4411164522171,0.202035503814712,0.893345509210091,0.000242275159568332,0.762800271809104,-3.6156911299899,-0.117592276712638
0.206212371587753,-1.06684350967407,0.253179875653837,0.741236147244522,0.000829250028861376,0.939932797352473,-3.08132611922253,-0.0269031961703851
0.104133069515228,-1.46698904037476,0.150752560944891,0.802549688993478,0.000395503968078022,0.542756634950638,-3.40284949639934,-0.265394871495741
0.0782059282064438,-1.76097929477692,0.137777351397348,0.920760208062938,0.000143486771654959,0.504128145674866,-3.84318817056904,-0.297460377469276
0.723904669284821,-0.257412493228912,0.59612066925581,0.301733441896464,0.240100665638844,2.22169391512871,-0.619606758318784,0.346684079364001
0.0900002494454384,-1.64310228824615,0.145116112398296,0.883268053113792,0.000230136717436835,0.553154347340266,-3.63801408736546,-0.257153670075355
0.1143419444561,-1.41246891021729,0.158758237411015,0.806272852374174,0.000349373585292293,0.578771594663463,-3.45672442647293,-0.237494663497478
0.124842897057533,-1.36708509922028,0.169096851190721,0.806979904683291,0.000394850719991761,0.645805220802626,-3.40358320056876,-0.189898700257
0.79330712556839,-0.216033697128296,0.645798079748775,0.299734212936074,0.272519650558631,2.39348631302516,-0.564602178878075,0.379030755683809
0.146791636943817,-1.34875380992889,0.212352834609662,0.854162673630724,0.000382436549989507,0.79381562670072,-3.41747897003694,-0.100280674746778
0.074108824133873,-1.79231154918671,0.134807939382421,0.916125227953247,0.000145169884126517,0.481848449259997,-3.83812530907216,-0.317089809984054
0.86639666557312,-0.176354080438614,0.700673087968387,0.29828403531548,0.295849338918924,2.59721196293831,-0.5289294172699,0.41450739074914
0.268699795007706,-1.01943027973175,0.357678534903816,0.816821271184491,0.000773290948806486,1.33031271100045,-3.11165780596254,0.123951649029971
0.432265073060989,-0.492926061153412,0.373635112877009,0.317608785146328,0.123447877479096,1.41719651122888,-0.908516506276407,0.15142999254829
0.15581551194191,-1.31667876243591,0.223115798135352,0.855463141157323,0.000407398109139952,0.820914945503076,-3.38999701866989,-0.0857018381928403
0.110287047922611,-1.3631374835968,0.143996337842816,0.732281358591154,0.000611323957855348,0.537656755248706,-3.21373292182016,-0.269494907648595
0.228046491742134,-0.803596556186676,0.21777568696233,0.369610704102321,0.046664306614548,0.815449644128482,-1.33101531774232,-0.0886028589459416
0.969672441482544,-0.1272252202034,0.783939120398271,0.297709158953427,0.341011457145214,2.87371292114258,-0.467231048712713,0.458443338470244
0.430209279060364,-0.497803747653961,0.375227878791511,0.321795102730668,0.116635891112189,1.43161997397741,-0.933167942166625,0.15582774559942
0.0634386539459229,-1.88002455234528,0.137470365983068,0.899921419103987,0.000163144119142089,0.426829381038745,-3.78742919852258,-0.369745742613215
0.0717229396104813,-1.81201171875,0.133710232364223,0.911274791584366,0.000139355654876757,0.479704145590465,-3.85587555809292,-0.319026959796902
0.127595588564873,-1.21227490901947,0.152619668321875,0.627044528466016,0.00155738623385938,0.571749898294608,-2.80761724968237,-0.242793904865655
0.137147039175034,-1.39048290252686,0.204919617568106,0.85195451864892,0.000353101211900745,0.751668639977774,-3.452117966458,-0.123974048949679
0.0223150160163641,-2.31336951255798,0.0433735675502233,0.869745759647183,7.56098987039877e-05,0.157475068916877,-4.12142487852551,-0.802788292425167
0.0406577214598656,-2.06614232063293,0.0826959586174563,0.890135948695584,0.000104744997103505,0.273949531217416,-3.97986820598468,-0.562329440372029
0.0594416931271553,-1.80741167068481,0.0951640066734346,0.877805775351483,0.000127447426105694,0.351868429531655,-3.89466893807091,-0.453624386540743
0.744064807891846,-0.243732109665871,0.60565886435297,0.299562536604537,0.257078398267428,2.2528815527757,-0.589934415573362,0.35273834894985
0.439083993434906,-0.511372745037079,0.401860326318131,0.376475174461551,0.0666284608965119,1.56891740957896,-1.17634031809173,0.195600069226028
0.448334962129593,-0.480740785598755,0.394067642970939,0.32246503729152,0.120674330803255,1.49630669454734,-0.918385122031411,0.175020513969943
0.983364343643188,-0.121615469455719,0.796225975368853,0.298357387095599,0.344564607739449,2.94449156920115,-0.462729333544191,0.469010273919919
0.0824084877967834,-1.73112952709198,0.184340561058811,0.893107384627445,0.000195848073417437,0.515245851377647,-3.70809791815578,-0.287986747477327
0.328171402215958,-0.6234050989151,0.295310995310023,0.332489706934171,0.0791436859716972,1.1149857411782,-1.10158373407782,0.0472692576339526
0.1979119181633,-0.97290313243866,0.220632448948691,0.571447236424685,0.00403899853505815,0.829886202514172,-2.3937494384731,-0.0809815406992377
0.93533718585968,-0.140367865562439,0.747852509349304,0.294262635558504,0.3404661282897,2.77219799160957,-0.467926087948386,0.442824244306005
1.10462415218353,-0.0687045529484749,0.882341883978096,0.29548106958133,0.389930205792189,3.29580016334852,-0.409013121141257,0.517960779184338
0.683602809906006,-0.286262363195419,0.568419620427759,0.309367621940721,0.198870636026065,2.13404940366745,-0.701429561129309,0.329204452171739
0.503771245479584,-0.424318760633469,0.430685289339895,0.31570428522846,0.143021221583088,1.61447557210922,-0.844599621408821,0.208031475837287
0.0679574683308601,-1.82102954387665,0.12675544313353,0.906327540270282,0.00013605660800143,0.435064077874026,-3.8662834805098,-0.361447716915029
0.037973627448082,-2.10726261138916,0.0733340990023622,0.906177780956956,8.79440753730402e-05,0.274993957330783,-4.05580524123904,-0.56067685626433
0.0421384945511818,-2.06279873847961,0.0845651340881429,0.89459338243085,0.000104009665240786,0.291405636072159,-3.98292631348038,-0.535502611153501
0.0412203036248684,-2.02169132232666,0.0713717229620295,0.87807564376105,0.000120816732912014,0.270346193512281,-3.91787350388156,-0.568079755560708
0.065470352768898,-1.75210094451904,0.104426149196046,0.855077540857944,0.000186692425025588,0.380467977623145,-3.72887514567769,-0.419681997550891
0.0285357125103474,-2.20317435264587,0.0530188819814865,0.868121803722718,8.88788060668351e-05,0.193994623298447,-4.05120214107508,-0.712210840526679
0.033656120300293,-2.12476825714111,0.0646275702736431,0.865907772989802,9.9506842586076e-05,0.241455645859242,-4.00214744036258,-0.617162997991234
0.0703192427754402,-1.68769037723541,0.107119572701453,0.823785351528673,0.000234205577726243,0.394804597645998,-3.63040276640201,-0.403617798707502
0.44403550028801,-0.528515934944153,0.426276767315355,0.422099371690425,0.0483928083131711,1.63112234274546,-1.31523548888894,0.212486288896964
0.179766863584518,-0.955201148986816,0.189567423290887,0.454629455872862,0.0164175506215543,0.715619630118212,-1.78472233903666,-0.1453178526411
0.279238373041153,-0.751675248146057,0.283961602390659,0.446671386828439,0.0227608281963815,1.07882852852345,-1.64281816760395,0.0329524031317944
0.550491631031036,-0.379406094551086,0.459035180709145,0.305323536008665,0.185337989156445,1.70404562254747,-0.732035557649231,0.231481217732566
0.363789051771164,-0.677487671375275,0.383251522324955,0.543294219025978,0.00734725242558246,1.45055127243201,-2.13391332839799,0.161532595596876
0.13642118871212,-1.40190148353577,0.20471108606452,0.86798159008675,0.000291289268595089,0.778378196060658,-3.53569410289275,-0.108809567597233
0.0749666467308998,-1.71039259433746,0.122220252457223,0.865867331562143,0.00019866066686518,0.457578769822916,-3.70188994241185,-0.339534147657823
0.369387656450272,-0.57187283039093,0.333230679570101,0.332117383667862,0.0881386389334997,1.27345780233542,-1.05483411093096,0.104984533098566
0.211258888244629,-1.02107417583466,0.251792501659567,0.689059763965668,0.00141072391415946,0.950250247617563,-2.85058038661051,-0.0221620132097227
0.1845613270998,-0.931530773639679,0.18792739476653,0.437982327389943,0.0166541937272996,0.703482579191526,-1.77847672618136,-0.152746677907592
0.410433292388916,-0.517104804515839,0.35910146088538,0.318595272264497,0.116134450460474,1.36305263737838,-0.935038943541882,0.134512565349631
0.943414747714996,-0.14020673930645,0.766477305066979,0.299458095251526,0.315901003777981,2.86608319679896,-0.500449002572016,0.457288792943315
0.344058811664581,-0.601585328578949,0.308077996868554,0.329212792500607,0.0924627374236782,1.15378206868966,-1.03403325431698,0.0621237846980815
0.0312682576477528,-2.2077739238739,0.0619603003944231,0.899057456364703,7.88928386100452e-05,0.218511550873518,-4.1029633841958,-0.660525631391021
0.0613157413899899,-1.88498711585999,0.112750189789488,0.906611633494676,0.000131899907986129,0.427286285907031,-3.87977019007176,-0.369281348722397
0.257973313331604,-0.796869218349457,0.265412975287606,0.47334623810589,0.0156437390716746,0.990786944826444,-1.80566166845505,-0.00401972686390804
0.021975439041853,-2.36531019210815,0.0469532279086453,0.870888416397741,7.66345536248991e-05,0.16282328379651,-4.11557575713852,-0.788287430807038
0.0772292912006378,-1.64713358879089,0.116113096610806,0.835073719996246,0.000216322773849242,0.419756299753984,-3.66492172978273,-0.377002836316492
0.150204360485077,-1.35440945625305,0.228967944414386,0.854940137886837,0.000404976087641747,0.839417873819669,-3.39257072458057,-0.0760217911046261
0.0324450768530369,-2.16081714630127,0.0613589225420384,0.892308234014144,7.9276878144204e-05,0.23226002107064,-4.10085349530035,-0.63402603823685
0.125787422060966,-1.39441049098969,0.178084416534629,0.826558737214435,0.000411358135412835,0.665179564555486,-3.38583477140951,-0.177061134508797
0.0324943587183952,-2.158043384552,0.0593511269912318,0.882787822277199,8.97960133443121e-05,0.2259739117076,-4.04675032744735,-0.64594183033766
0.0808831304311752,-1.59065973758698,0.116679724657214,0.805227450349064,0.000293805938660322,0.428680408746004,-3.53194217819961,-0.367866532027175
0.0706947073340416,-1.72642970085144,0.114160647199503,0.860034377553172,0.000206403971242253,0.429738322148721,-3.68528587103923,-0.366796882930777
0.107135690748692,-1.56822228431702,0.170277191141738,0.90634322509077,0.000203078550597032,0.624690208832423,-3.69234231846605,-0.204335419040754
0.299180269241333,-0.679558038711548,0.286651323794108,0.352742197366118,0.0638190348943075,1.06238044301669,-1.19505003987216,0.0262800303808635
0.457313239574432,-0.498165369033813,0.435298130184349,0.384394064484747,0.0742007383455833,1.64553790787856,-1.12959178053144,0.216307881036464
0.223699346184731,-1.07736921310425,0.290900457238677,0.789151554936459,0.000838077651375594,1.07471979955832,-3.07673207031284,0.0312952303809004
0.0277075506746769,-2.24712729454041,0.0551812350691945,0.881913427790378,8.42134751413444e-05,0.216010150189202,-4.07461873493417,-0.665527989133897
0.0237239208072424,-2.29703330993652,0.0464685496271107,0.872063238407846,7.45721331744183e-05,0.175977086524169,-4.12742351839494,-0.754545443044853
0.157810181379318,-1.0740692615509,0.178804196064578,0.564489502048104,0.00337243350222707,0.66634805550178,-2.47206564652565,-0.176299280073555
0.0328319221735001,-2.14599514007568,0.0617553468890047,0.877818371056125,8.68074883328518e-05,0.224660330017408,-4.06151604720601,-0.648474120733627
0.227167651057243,-0.811264872550964,0.22069134300989,0.38137479287476,0.036834255947421,0.839048514763514,-1.43374810370423,-0.0762129279596184
0.0401645228266716,-2.04883456230164,0.0716840371103687,0.882710678845344,0.000115480585130475,0.271833558877309,-3.93749655834667,-0.565696942985743
1.3921867609024,0.0319387689232826,1.11024666511294,0.295556150568656,0.488383225103219,4.12375201781591,-0.311239262006697,0.615292539807715
1.27195143699646,-0.00757482927292585,1.02033555616701,0.295363178143326,0.450411269068718,3.76868265072505,-0.346390760289132,0.576189557686926
0.168634191155434,-1.23193967342377,0.227075989667165,0.812477404940481,0.000515347060960873,0.84657267232736,-3.28790359254494,-0.0723357806595505
0.0485072992742062,-1.95228910446167,0.0837609429514084,0.894216557082961,0.000114061166398945,0.31691105812788,-3.942869024072,-0.499062827494791
0.405290305614471,-0.553764283657074,0.375162208760836,0.395733389869133,0.0569234408748647,1.4494589060545,-1.24473524805569,0.161205786125034
0.074739545583725,-1.70358538627625,0.119327074867464,0.859579963517221,0.000212031070623198,0.44238605449597,-3.67361268159586,-0.354198580511122
0.311574280261993,-0.6545649766922,0.290361565487265,0.343965733629713,0.0691174518316984,1.09984765847524,-1.16041293251011,0.0413325332691143
0.0513686202466488,-1.90914785861969,0.0875749827654114,0.868415101082651,0.00013943359372206,0.323042833060026,-3.85563313965678,-0.490739989648578
0.269219487905502,-0.706646203994751,0.241883117381857,0.324855649967771,0.0779180322463314,0.903437852859497,-1.10836202445033,-0.0441017303622056
0.0398648902773857,-2.03427624702454,0.0695506351483339,0.882051899805937,0.000108301702978982,0.258264999836684,-3.96536471704277,-0.587934744562068
1.05653643608093,-0.0887028202414513,0.849035661292159,0.296622432384961,0.358914002031088,3.17103834152222,-0.445009781876038,0.501201411627232
0.0447231493890285,-2.00822806358337,0.080536183555095,0.893307510958817,0.000103278088317893,0.29347129141291,-3.98599367433194,-0.532434378658421
0.0216703098267317,-2.31438517570496,0.0444535744984566,0.855304162204677,6.14385512259711e-05,0.15221445808808,-4.21156731534508,-0.817544231972803
0.0273646507412195,-2.23996090888977,0.0516210178817786,0.882336344632971,7.21159347449429e-05,0.191131913786133,-4.14196896155188,-0.718666791839126
0.103813745081425,-1.45296919345856,0.143851757832753,0.805136249929742,0.00037013959226897,0.548805378874144,-3.43163454611124,-0.260582011306035
0.261158466339111,-0.832322478294373,0.279135504034234,0.558811492096427,0.00583700300582374,1.06793380180995,-2.23381531073837,0.0285443121114376
0.163027822971344,-1.28756630420685,0.236852474022278,0.837776763222139,0.000466608850062281,0.848005564510823,-3.33104761531049,-0.0716013756026744
0.0736494287848473,-1.84087562561035,0.179737395117841,0.924575922384613,0.000135455221000787,0.529521785179774,-3.86821801041451,-0.276116236754764
0.0416184701025486,-2.04387593269348,0.0751092002786073,0.881175760429198,0.000116008739617731,0.277319149424633,-3.93550932118864,-0.557020285964041
0.177282243967056,-1.17887961864471,0.232497259144368,0.776913202563304,0.00070588100158299,0.87449374695619,-3.15128460115114,-0.0582434896986744
0.326871573925018,-0.62474399805069,0.295341269287631,0.329946175560376,0.0867235083753864,1.10885319113731,-1.06186317395358,0.044874039975124
0.165063038468361,-1.04644954204559,0.18623407497425,0.548781613588471,0.00490216159960255,0.681279987593492,-2.30961549753396,-0.166674396969088
0.0240808706730604,-2.29681921005249,0.047551687334441,0.875977413045243,7.08311862278303e-05,0.175131752962867,-4.14978803238869,-0.756635112004944
0.0776377990841866,-1.74044847488403,0.138251426142309,0.899993941498604,0.000187611993411944,0.477641798804204,-3.72675361000464,-0.32089825561872
0.0269633065909147,-2.22815370559692,0.051882110996642,0.865652736673903,7.8525185926992e-05,0.194841255620122,-4.10499102755781,-0.71031908559305
0.103002585470676,-1.39606237411499,0.134356250120171,0.743321646426008,0.000506255921209231,0.506622734665871,-3.29562994901661,-0.295315470004872
0.0335490256547928,-2.14637565612793,0.0653383557005438,0.879930873832625,9.59855837209034e-05,0.237594362720847,-4.01779403961586,-0.624164148149369
0.159798562526703,-1.02720165252686,0.175077470593504,0.481728615500475,0.0102501430859168,0.657223217686018,-1.98927033702382,-0.182287114797502
0.0478997603058815,-1.98656499385834,0.0897287275180178,0.894412670021957,0.000125536214909516,0.317352046569189,-3.90123097006712,-0.498458939090545
0.201973006129265,-1.0516163110733,0.240563516069082,0.71107523495688,0.00100491845126574,0.90815216700236,-2.99787154001639,-0.0418414195264442
0.306043297052383,-0.667110443115234,0.294036648269676,0.348642835285999,0.0685640256851912,1.11060596207778,-1.16390377534207,0.0455599878563904
0.406524747610092,-0.519229769706726,0.349178165492645,0.317208485778213,0.117604938832422,1.30373606085777,-0.929574447668481,0.11518967493841
0.112668335437775,-1.42960619926453,0.158701353494954,0.794763985214709,0.000454423305685244,0.584135541319847,-3.34254503361562,-0.233486463560753
0.062384307384491,-1.83153903484344,0.109467080218424,0.885898698229532,0.000157827622509406,0.396485220889251,-3.80182134748159,-0.401773046618683
0.442513465881348,-0.48240327835083,0.382483087614567,0.316405308098039,0.130340547114611,1.4167706956466,-0.884920466589405,0.151299548993264
0.081560805439949,-1.56712007522583,0.115472124015593,0.802219717807624,0.000289053107068563,0.43707124888897,-3.53902242850421,-0.359447961422289
0.0816133394837379,-1.68375504016876,0.131339005536383,0.882394607345551,0.000189756250135057,0.491972996294499,-3.72180432562707,-0.308058748737364
0.315238445997238,-0.683759570121765,0.309489820346834,0.420749983307583,0.0350498948246241,1.18478970726331,-1.45531339243194,0.073641269817034
0.214161723852158,-0.848365128040314,0.21084340080593,0.406324269768414,0.0312596299530317,0.781929004192353,-1.50501697438606,-0.106832722469456
0.077366977930069,-1.7024712562561,0.123854619871016,0.875245979339073,0.000190831920675312,0.474946550031503,-3.71935291562649,-0.32335528295671
0.103621304035187,-1.54051983356476,0.160596921643012,0.877718551078869,0.000218408094345553,0.582171278695266,-3.6607312718494,-0.23494938366787
0.0288759116083384,-2.22594118118286,0.0572950461955044,0.87385896808213,9.2419039477439e-05,0.216624480113388,-4.03423871641903,-0.66429358425798
0.126516655087471,-1.41864740848541,0.187614276949982,0.845100981361019,0.000361031337524764,0.69579341908296,-3.44245510038304,-0.157520167381874
0.585537254810333,-0.35346782207489,0.4897582489057,0.306990272272331,0.188723484178384,1.83350163698196,-0.724174132857227,0.263281300911825
0.0627239868044853,-1.72352015972137,0.094791026645987,0.814739734890496,0.000226482829384622,0.348026827722788,-3.64496771939503,-0.458387430560735
0.271116882562637,-0.942956328392029,0.32900478853202,0.742936930491506,0.00109001202508807,1.24108986159166,-2.96257027635543,0.0938012336756419
0.147680938243866,-1.31606459617615,0.202835472713215,0.843901126184219,0.000348854299712305,0.732860865195592,-3.45735672265997,-0.134978471632002
0.177810281515121,-0.959187984466553,0.185229290667598,0.459070660211527,0.014911860631158,0.686467648545901,-1.82646835044062,-0.163379938552841
0.0501120164990425,-1.92710053920746,0.0882009484923841,0.876117027358557,0.00012178598826722,0.32576069533825,-3.91440607527655,-0.487102198648714
0.0471199974417686,-1.96382808685303,0.0850234295130758,0.872315717216321,0.000131247557631771,0.310880827407043,-3.88191298365131,-0.507406532671918
0.0403895899653435,-2.07711744308472,0.077714898674335,0.897726789579711,0.000100252101825996,0.28317963257432,-3.99890652691787,-0.547938277226582
0.0389471836388111,-2.06637978553772,0.0704607361267119,0.88446036287407,0.000100145715623512,0.261315640807152,-3.99936798079664,-0.582834600511968
0.101271145045757,-1.41682374477386,0.13571082239935,0.739010808641113,0.000535761808472065,0.508503958582878,-3.27103011185374,-0.293705699302193
0.159656897187233,-1.29676699638367,0.228453391314294,0.840343486346514,0.00041897055998561,0.85443113197883,-3.37781684188212,-0.0683230421762759
0.334215342998505,-0.618245542049408,0.304205464257654,0.336999125039467,0.0773858149846395,1.14780827562014,-1.11133864680398,0.0598693055095299
0.28898212313652,-0.697250247001648,0.267799953758828,0.37637009275589,0.047485888004303,1.04307033816973,-1.32343624325679,0.0183134932811534
0.0346465222537518,-2.1072998046875,0.0639268857136161,0.873995613209345,9.85079534681669e-05,0.239019418259462,-4.00653012197118,-0.621566878150528
0.17858761548996,-1.11967134475708,0.218488033995441,0.722703756884412,0.000934975698570876,0.822389719386896,-3.02920664550735,-0.0849224276486885
0.114758253097534,-1.30773508548737,0.1453800152244,0.690721938290486,0.000726244885784884,0.52938983887434,-3.13891708899733,-0.276224407566722
0.105900257825851,-1.37010836601257,0.137746666063959,0.707959614132591,0.00068650228252712,0.514357575774193,-3.1633580175496,-0.288735049349612
0.0510217137634754,-1.9378947019577,0.0887036653071833,0.885427433771227,0.000128070239710117,0.333619707077742,-3.89255526410593,-0.476748398500305
0.0836075693368912,-1.61914396286011,0.126188727927409,0.849024323471095,0.000223769085641834,0.466459115842978,-3.65020002867991,-0.331186468345484
0.0371365435421467,-2.08513641357422,0.0691184777548699,0.87736698571651,0.000102502736444876,0.252604625374079,-3.9892645831289,-0.5975590865634
0.0226100441068411,-2.3353579044342,0.0464303564305574,0.868815123223478,7.19559432279008e-05,0.168061783413092,-4.14293776195492,-0.774531377868013
0.410406738519669,-0.522213995456696,0.362985449516411,0.328236129652182,0.101613011645774,1.38095933794975,-0.993050854467659,0.140180786162182
0.157355278730392,-0.985740542411804,0.159043271170929,0.401493767225597,0.0255925758276135,0.599160926043989,-1.59188603526915,-0.222457901066575
0.0546600334346294,-1.84034824371338,0.0896511761033041,0.856112164172098,0.000148963059837115,0.33555578738451,-3.82694615878303,-0.47423562782714
0.0828426778316498,-1.58721709251404,0.120811151878119,0.82267178541623,0.000272331762243994,0.441367254406215,-3.56490539055708,-0.355201590032947
0.0351042933762074,-2.11843252182007,0.0653854904073101,0.87798661332798,0.000108585411605115,0.236765800788999,-3.96422974902077,-0.625681183627093
0.0709153413772583,-1.6802271604538,0.109041194221479,0.823024698401342,0.000261958754466226,0.402997635304928,-3.58177344313408,-0.394697704428484
0.0370941571891308,-2.11723780632019,0.068957217947337,0.896100462777787,0.000115722082470408,0.247318098321557,-3.93658826510906,-0.606744105908831
0.0344931967556477,-2.10628867149353,0.0633879189335628,0.864866811553393,0.000108970583884608,0.235273241127531,-3.96272371122491,-0.628427782168521
0.261477708816528,-0.74052220582962,0.249386653424697,0.358695839704683,0.0544480740403136,0.938827545444171,-1.26401833301441,-0.0274141841860734
0.031872421503067,-2.1639552116394,0.0609234913747067,0.885999883914363,8.37907169019066e-05,0.220551619927088,-4.07680409639134,-0.656489748171946
0.0902875661849976,-1.5924699306488,0.1422005710253,0.849086732262353,0.00023150748614474,0.534217287103336,-3.63545440409195,-0.272282974026432
0.0731575042009354,-1.70997440814972,0.115051419285846,0.864437899173184,0.000191433184348474,0.442842639485995,-3.71798935262626,-0.353750612553181
0.0398475155234337,-2.0371458530426,0.070225217739924,0.886163478873087,0.000100831561576342,0.257504270970821,-3.99640359744002,-0.589215608795923
0.116388037800789,-1.27598357200623,0.143195370819548,0.65514667040906,0.00111453955857238,0.53972459336122,-2.95290451375592,-0.267828770689577
0.160985559225082,-1.02959096431732,0.173113500543695,0.525069099374807,0.00628147900958235,0.667317582666874,-2.20194064306482,-0.175667607506966
0.0612628646194935,-1.8023384809494,0.0988101827972878,0.877666769238022,0.000157653539402721,0.382081072529157,-3.80231340478059,-0.417844533349011
0.0930992290377617,-1.4931617975235,0.130987055250411,0.777336235585147,0.000385967466960816,0.490912898381551,-3.41357704358771,-0.308995590003204
0.0644730031490326,-1.72695803642273,0.0996235248388852,0.833417391511215,0.000219205938022545,0.385524486750364,-3.65915177463141,-0.413948032667135
0.0545490048825741,-1.86477029323578,0.0948006792246729,0.867034451837449,0.000153849611524493,0.345476272205512,-3.81290726024572,-0.461583062088217
0.168356955051422,-1.02363264560699,0.187019527262324,0.526039913539672,0.00574353151411439,0.690246114631494,-2.24082562710281,-0.160996137354438
0.0644757673144341,-1.81218767166138,0.107104630619096,0.891740802701422,0.000158933409087088,0.399550917744637,-3.79879310048914,-0.398427897687031
0.0353852771222591,-2.11207723617554,0.0653721143302656,0.887555605529908,9.23249423067318e-05,0.237416729827722,-4.03468107316011,-0.624488730759349
0.0728869512677193,-1.65453267097473,0.109000360519738,0.815990104659706,0.000292767320206622,0.40400409201781,-3.53347751906741,-0.393614241820531
0.0322328470647335,-2.15103006362915,0.0637702712560833,0.863090632180513,0.000105288361191924,0.238156853616238,-3.97762284891476,-0.623136916361603
0.65618234872818,-0.309941291809082,0.562790583682099,0.318032805155726,0.172455089290937,2.19874245723089,-0.763323999175017,0.342174359516934
0.199543535709381,-1.00668001174927,0.233735929871452,0.625459001795373,0.00241534994953933,0.878387499849002,-2.61702216093862,-0.0563138624812609
0.0229685492813587,-2.30575656890869,0.043721342226972,0.876355517696305,7.46903064888708e-05,0.164859812955062,-4.12673624070978,-0.782885198287005
0.216430857777596,-0.826366126537323,0.209648298772059,0.362471282577843,0.0407791103546818,0.78866382042567,-1.3895623639136,-0.103108113642676
0.106787219643593,-1.34412479400635,0.135016822285614,0.690791853862381,0.000772506204278519,0.498784216493368,-3.11210343967474,-0.302087303783084
0.0587344281375408,-1.82291889190674,0.0938355234581783,0.868170962397444,0.000182935698224658,0.35111827775836,-3.73770538627547,-0.454546953163165
0.0274917725473642,-2.25367641448975,0.0551566052661779,0.890336642515411,7.47411234745717e-05,0.194302287325264,-4.12644102027031,-0.71153236996596
0.0222938861697912,-2.29927372932434,0.0442529690803454,0.851263116127726,7.53573275384648e-05,0.160405133043727,-4.1228796080406,-0.794791394281818
0.427315235137939,-0.49635249376297,0.367075314529826,0.314057213468326,0.13557495623827,1.35665573676427,-0.867820561115819,0.132469652709701
0.0202084816992283,-2.37922096252441,0.0428041779868472,0.868874601306695,6.36682473971935e-05,0.152537938704094,-4.19608021051644,-0.816625054173723
1.01797270774841,-0.111236669123173,0.837173083538282,0.307991889537194,0.2829027377069,3.25082192619642,-0.548362925745887,0.511993159462562
0.184627085924149,-0.951801478862762,0.194772833068382,0.474481306339915,0.0132688057686513,0.741246364017328,-1.87716968007257,-0.13003776135038
0.158825486898422,-1.24597024917603,0.213693138612727,0.789727072771493,0.000576882235084971,0.802271804213524,-3.23891302888364,-0.0956785055642304
0.279332250356674,-0.698423027992249,0.257203727177797,0.336860110620895,0.0682731185108423,0.964093854029973,-1.16575038994759,-0.0158806858251281
0.127339884638786,-1.34065723419189,0.167141568701802,0.789622570730376,0.000451819539496986,0.616385583082835,-3.34503934661338,-0.21014774155965
0.0691294074058533,-1.74838423728943,0.110795226338625,0.86250107668381,0.000206090361219443,0.410353430857262,-3.68599045610172,-0.386842710183407
0.188838839530945,-0.895038843154907,0.187258515221016,0.37701101303331,0.0343554950319231,0.696944979329904,-1.46400379010618,-0.156801506151391
0.0419389605522156,-2.05269479751587,0.0755540970463776,0.90366989382209,9.40461601203424e-05,0.284013093511264,-4.02666246420216,-0.546661642439172
0.277294665575027,-0.716640830039978,0.269379531618666,0.358338166451943,0.0574593399030467,1.00251185397307,-1.24063940759835,0.00108951621469506
0.0310857854783535,-2.17235708236694,0.0601021445938022,0.871348938106363,9.24882077015354e-05,0.221967180197438,-4.03391736595666,-0.653711244781516
0.0267004873603582,-2.22289824485779,0.0487313169202973,0.875369130338376,8.15191029081082e-05,0.176276127869884,-4.08874214407443,-0.753806733885675
0.0368208400905132,-2.09507918357849,0.069267175050211,0.874712862857971,0.000103188495510646,0.250011894851923,-3.98637267210784,-0.60203932952731
0.0442425645887852,-1.99019515514374,0.0801788168040955,0.893998833009099,0.00012488644157808,0.293382570395867,-3.90348748458282,-0.532565696539936
0.70202761888504,-0.278684347867966,0.60097088146283,0.313473401395362,0.19744581071039,2.28861594200134,-0.704552103625641,0.359572690260464
0.114714622497559,-1.331378698349,0.149738874986604,0.713987369048969,0.00071020198277741,0.556601026654244,-3.14864946322854,-0.254456024407746
0.0674383044242859,-1.7419718503952,0.107884529143206,0.854792009341637,0.000179382054435943,0.407511538763841,-3.74623260550224,-0.389860183695839
0.379003137350082,-0.599678933620453,0.365261709240978,0.422073635386565,0.043246072717011,1.37931633194288,-1.36405354127295,0.139663671837331
0.400245845317841,-0.851009011268616,0.519128887425579,0.846167245421989,0.000811786964671531,1.89404263198376,-3.09055799275272,0.277389664898132
0.355394721031189,-0.673527956008911,0.363138622054694,0.531531259469797,0.0100623410117502,1.3648841659228,-1.99730304927584,0.135095532322546
0.146734356880188,-1.10578286647797,0.166722905957191,0.559771197145551,0.00354440294710609,0.620826682448388,-2.45046453880049,-0.207029894859656
0.0853656977415085,-1.57481336593628,0.126243522839059,0.814202286036446,0.000264544081680166,0.475633554905654,-3.57750239908399,-0.322728115114974
0.469154089689255,-0.510757327079773,0.454304787065877,0.428146999378642,0.0465724105636279,1.73127662738164,-1.33187128751069,0.238366464016105
0.379944235086441,-0.561088740825653,0.340647886102356,0.338186222939732,0.0842625256006916,1.29614307979743,-1.07436553174023,0.112652935727681
0.164683550596237,-1.16673243045807,0.206558722939059,0.739336460621443,0.000773102566502833,0.811880479256313,-3.11176328109025,-0.0905087717557975
0.0697321593761444,-1.72667944431305,0.112248713600672,0.841723197668918,0.000225721076640184,0.418314029773077,-3.64642808637476,-0.378498001213254
0.0378748364746571,-2.08658051490784,0.0693273807672253,0.890914501855392,9.73066526057664e-05,0.26305228099227,-4.01185746783568,-0.579958049754657
0.0499141477048397,-1.90162420272827,0.0829672181217925,0.866166519006723,0.000144833854816776,0.317272763202588,-3.83913647025895,-0.498567223501125
0.730303049087524,-0.25322887301445,0.598958336097607,0.301359314732247,0.245864209656914,2.23031255205472,-0.609304693470487,0.348365715835084
1.02620494365692,-0.102410085499287,0.829137902423842,0.297599423107779,0.356544723113378,3.07119622429212,-0.447886025092903,0.487307430757577
0.0914084017276764,-1.54452788829803,0.133467133791585,0.826186520421868,0.000288814015463383,0.495311276614666,-3.5393951592545,-0.305122012874401
0.619092226028442,-0.328171610832214,0.516177430582728,0.305758659666702,0.196513693779707,1.93141717712085,-0.706607181092246,0.285876075574775
0.0464488752186298,-1.9984256029129,0.0837557947810478,0.90010774682717,0.000103188454340852,0.312052809447051,-3.98637603722024,-0.505773026296401
0.0828512907028198,-1.60390746593475,0.123485683440988,0.833011855264314,0.0002567221558517,0.467785566548507,-3.59053664891687,-0.329953284074347
0.849899232387543,-0.187601745128632,0.701938836616206,0.301649932342293,0.282760039716959,2.57903740406036,-0.548581966451407,0.41145763460976
0.206180542707443,-0.876807153224945,0.208140344440726,0.42598353838904,0.0274482167791575,0.774675074219704,-1.5614863205909,-0.110880457530927
0.0754104480147362,-1.67471694946289,0.116668381866409,0.850920373840246,0.000219021600059932,0.433176520715158,-3.65958908324353,-0.363337314246452
0.0463248193264008,-1.95630717277527,0.0811470924037161,0.86782408022821,0.000134527741829515,0.302930411944788,-3.87119179174251,-0.518659147489224
0.0490458235144615,-1.95680212974548,0.0849687309636905,0.899378971570904,0.000115442199603422,0.319221611320973,-3.93764272142839,-0.495907800164478
0.202844843268394,-0.881524205207825,0.206443789863565,0.424169903607312,0.0260257021989673,0.778753459950288,-1.58459913750505,-0.108600011930144
0.111787535250187,-1.38735711574554,0.148496835544454,0.768504042938062,0.000459658817999298,0.553721933066845,-3.33756457562525,-0.25670830155092
0.807184398174286,-0.209239110350609,0.657962336204357,0.302305890455661,0.253232095390558,2.46140345335007,-0.596481252821187,0.391182606503052
0.0545491836965084,-1.8966646194458,0.0950212564733223,0.878390147949167,0.000145284222526243,0.358145863562823,-3.83778426979203,-0.445940125919758
0.0485839433968067,-1.94086408615112,0.0840415538160758,0.884425858022639,0.000125797332172321,0.322114329288404,-3.9003327794705,-0.491990280212945
0.0611561946570873,-1.77194201946259,0.0981432928889705,0.834988492098332,0.000203183924895711,0.364236950129271,-3.69211073911021,-0.438617770941472
0.164048627018929,-1.3148752450943,0.236392430155559,0.880220608747912,0.00032185755262617,0.870143747826418,-3.49233635791985,-0.0604090277050718
0.0421295538544655,-2.00825476646423,0.0734208249122342,0.879511849193983,0.000100498469691956,0.274428260823091,-3.99784588815332,-0.561571817128802
0.0265535973012447,-2.26457810401917,0.0510747388007272,0.887081760932481,7.51065808799467e-05,0.193130313977599,-4.12437800517434,-0.714149622104799
0.0932861194014549,-1.49259126186371,0.128791982405343,0.781749679987457,0.000377735886286246,0.474123605092367,-3.4228124186003,-0.324108679072266
0.0368967540562153,-2.08486652374268,0.0686860962020095,0.874732180888971,0.000108827536738924,0.260740311195453,-3.9632674459992,-0.583792132718807
0.0565325617790222,-1.85505151748657,0.0944182402191925,0.872173444196611,0.000158700226650884,0.344945694257816,-3.79942320971437,-0.462249285632513
0.226817473769188,-0.858457803726196,0.234549036577788,0.47504237324794,0.0151848054879035,0.886342417697112,-1.81859085584559,-0.0523985529310638
0.0396758690476418,-2.09829950332642,0.0715535789086915,0.904262237215016,9.01720974070486e-05,0.262158223738273,-4.04493923391308,-0.581436634527609
0.0258818026632071,-2.25591731071472,0.0515834530067872,0.868684902084904,7.1874611118498e-05,0.189471407731375,-4.14342459698429,-0.722459869745374
0.67405754327774,-0.289350539445877,0.556190040657164,0.303068087829381,0.226458494365215,2.05715663234393,-0.645011384677444,0.313267322674806
0.204535111784935,-0.907118141651154,0.20992259185521,0.503865942710606,0.0102995844945932,0.812307049334049,-1.98721077806289,-0.0902797784317751
0.161157727241516,-1.2399445772171,0.216697180223955,0.794975710083908,0.000611410129931755,0.793410882353784,-3.21367157589461,-0.100502256979508
0.273691385984421,-0.806399047374725,0.286730795667025,0.553522848379616,0.00710090838450318,1.09451974431674,-2.1487734373021,0.0392233370795465
0.0350300967693329,-2.09179496765137,0.0657375622038539,0.861352137362815,0.00010738230679029,0.244322504848242,-3.96910323080857,-0.612037775613903
0.553815603256226,-0.38331151008606,0.475527530663392,0.316118062018256,0.150544967626532,1.82205455799898,-0.822334544378434,0.260561376725597
0.135645985603333,-1.16637551784515,0.160786846858666,0.606959814240284,0.00173689916458291,0.598508484164875,-2.7602303350876,-0.222931206871664
0.0664767622947693,-1.75625836849213,0.10568996912166,0.857293330052285,0.000205567063312628,0.392517297963301,-3.6870470040846,-0.406141235798194
0.0291924960911274,-2.23754501342773,0.059482969680165,0.891571612654151,7.31092419300694e-05,0.213897484292587,-4.13603774901689,-0.66979451261887
0.0661000087857246,-1.78434157371521,0.106056294332454,0.890631759350207,0.000145590414952797,0.395492899169525,-3.83688441243829,-0.402861353409404
0.0249384585767984,-2.30694961547852,0.0510862480351901,0.885388792758582,6.92246074322611e-05,0.186663672079643,-4.15974115200509,-0.72894626838728
0.609275817871094,-0.346031725406647,0.534926204939653,0.323715612378433,0.146083367988467,2.07933361728986,-0.835399709496382,0.317924174905
0.0419309586286545,-2.02891397476196,0.07979882192132,0.879671772194584,0.000109027952688242,0.285170402626197,-3.9624649795566,-0.544897011698577
0.0425076521933079,-1.9992880821228,0.0730010513656984,0.875992518591178,0.00011788170698613,0.277816348522902,-3.92855571828363,-0.556242248167736
0.235421627759933,-0.797046184539795,0.228944709788754,0.379209652584491,0.0393444711963336,0.866610741615296,-1.40512020265677,-0.0621759705861321
0.105805777013302,-1.56046116352081,0.171663864456803,0.88639839199812,0.000220224280565162,0.617267101506394,-3.65713499865421,-0.209528093317492
0.044082023203373,-2.02469348907471,0.084518472561652,0.89060880412049,0.000105180349116078,0.289602975547315,-3.97806549439073,-0.538200336205732
0.0871632471680641,-1.668541431427,0.146879616624228,0.890070491635157,0.000221651049650973,0.540536075333755,-3.6543302493117,-0.267175449300789
0.028479928150773,-2.20796227455139,0.0541159660569932,0.873959092483524,8.4538608158861e-05,0.202344968542457,-4.07295076001723,-0.693907856218753
0.133894190192223,-1.20452463626862,0.161414518615365,0.641847142522278,0.00145713453239296,0.596255023777486,-2.83650084787069,-0.224569022566396
0.118238538503647,-1.40420186519623,0.165259152441743,0.815534938940877,0.000337226120852089,0.626513649523259,-3.47210538797405,-0.203070178568081
0.13710905611515,-1.17870426177979,0.164234309834026,0.628482225477815,0.0017150857107481,0.616176090141138,-2.76571446692069,-0.21029516177648
0.272590309381485,-0.727324485778809,0.260290103993051,0.372899970243826,0.0497421937063336,0.973396091163159,-1.30327509858295,-0.0117104054004694
0.0865893885493279,-1.53624415397644,0.125271279292939,0.780447891460667,0.000375096970189285,0.467009244610866,-3.42586345159925,-0.330674541784456
0.0877116620540619,-1.6361346244812,0.142995797397307,0.864977693049606,0.000242648376297439,0.551240638891856,-3.61502328462492,-0.258658774230005
0.0471687577664852,-1.97874104976654,0.0842734590123507,0.893002031695627,0.000120460619230774,0.3184773546954,-3.91915555251083,-0.496921470018138
0.0667270198464394,-1.81577134132385,0.115660417293836,0.892441419821383,0.000170147632040122,0.414680135250092,-3.76917443000781,-0.382287387394834
0.0464993305504322,-1.96444272994995,0.0818012424612835,0.870768978320599,0.000125557871797355,0.301442316919565,-3.90115778467741,-0.52079579144366
0.0686619132757187,-1.73100972175598,0.108489260557057,0.853047152869505,0.000168756320757287,0.413104780266682,-3.77274122863012,-0.383939795674936
0.0180357303470373,-2.42298054695129,0.0371072683865764,0.867902993253066,5.47752573766047e-05,0.127229897677899,-4.26144919822681,-0.895411450408316
0.834542870521545,-0.196024477481842,0.685957478642885,0.302967990443442,0.268212003012498,2.59021342396736,-0.571521791088161,0.413335458930378
0.595868468284607,-0.353270024061203,0.512413339731349,0.319217356558815,0.159098947917422,1.95297330816587,-0.798332807976758,0.290696303337769
0.0887526497244835,-1.70967209339142,0.157462523491911,0.916637673063962,0.000177136345397836,0.598638588190079,-3.75169814039359,-0.222835515770543
0.296773195266724,-0.760518729686737,0.309258083927854,0.527454053857456,0.0112839915013562,1.16319721639156,-1.94766467861999,0.0656533382285315
0.205457374453545,-0.864466309547424,0.205007858954375,0.392058355793881,0.0318729267766078,0.771649084985256,-1.49657957492522,-0.112580164795134
0.372724115848541,-0.57683539390564,0.344459376115114,0.348432894962825,0.0811936818684141,1.29388407270114,-1.09047917219885,0.111895364629212
0.0655243471264839,-1.76120853424072,0.106723587895508,0.862999503302404,0.000169349895198441,0.398045712461074,-3.77121701992037,-0.400067084958406
0.0446823015809059,-1.99916565418243,0.0799425273838083,0.886466843369573,0.000111469999319525,0.298112303266923,-3.9529084799991,-0.525620559748192
0.106820203363895,-1.37969243526459,0.14137472860435,0.733824015950765,0.000585527744260617,0.5220825796326,-3.23245266198384,-0.282260821027139
0.0763539373874664,-1.65829002857208,0.117140247832077,0.83305628860222,0.000269755853029589,0.433024388055007,-3.56902928583037,-0.363487645176904
0.296928912401199,-0.774393856525421,0.318572014314631,0.552542204863107,0.00695516905980185,1.21271184484164,-2.15769466369091,0.0837574984937021
0.199534222483635,-0.873300969600677,0.198087340515259,0.3813791689387,0.0313442858556906,0.748987252513568,-1.50384162115802,-0.125525806274425
0.0218761544674635,-2.33976721763611,0.0424764168111328,0.874119144932315,6.75393355777487e-05,0.148395258809129,-4.1704432247517,-0.828580010283211
0.0216682199388742,-2.30492901802063,0.0416644818818476,0.849337760215593,7.50768449506722e-05,0.158266412218412,-4.12449771539973,-0.800611699276147
0.106473632156849,-1.41281545162201,0.144157454689263,0.76252473103174,0.000492888937393824,0.535909308989843,-3.30725368162811,-0.270908737402807
0.17029795050621,-0.972223997116089,0.179721984456752,0.432674653862823,0.0178558159930011,0.672742135326068,-1.74822065139638,-0.172151382436806
0.353067725896835,-0.614471077919006,0.339174290875183,0.376461974057592,0.0617231654313703,1.29015709857146,-1.20955197010433,0.110641675001065
0.0776413008570671,-1.6929943561554,0.123591515723432,0.868857005273652,0.000194329367635267,0.44557281161348,-3.71146156259015,-0.351081369640288
0.14371383190155,-1.11890971660614,0.166338158497919,0.558958614670148,0.00369758547943396,0.626537941396238,-2.43209677186809,-0.203053724910538
0.0691279023885727,-1.72102797031403,0.106720585939915,0.848169127674796,0.000189442502232851,0.395765679329634,-3.72253219692683,-0.402561916407328
0.147786915302277,-1.03517329692841,0.156652985891324,0.428752384485003,0.0165836016181856,0.588092510898908,-1.78032155101941,-0.230554364215866
0.104015938937664,-1.57446205615997,0.169732262062449,0.874247499867618,0.000298778339007792,0.631723062197368,-3.52465191538412,-0.199473426595384
0.0320977233350277,-2.17190790176392,0.0600483622015649,0.88542245227195,8.48018108930167e-05,0.22891469138364,-4.07159517863391,-0.640326340804827
