PHI,log10.PHI,Std.Dev,log10.Std.Dev,0.025,0.975,log10.0.025,log10.0.975
1.39777076244354,0.143074929714203,0.147423537355642,0.0451989646530625,1.13154985805353,1.68277618288994,0.0536736314660864,0.226026356580393
1.07465577125549,0.0262810885906219,0.16054579416547,0.0666076816757017,0.775400498012702,1.39968664050102,-0.110473953931931,0.146030809091384
1.23972463607788,0.0855560451745987,0.246121594201059,0.0815081464915461,0.824922212958336,1.70667316416899,-0.0835870071887477,0.232150353467634
0.705677270889282,-0.170630872249603,0.244537488717637,0.128417780190681,0.365434457610051,1.12948106924693,-0.437190652625911,0.0528789560342571
1.1034768819809,0.0400726534426212,0.116551233576815,0.0505457792354953,0.888728017111619,1.32893596887589,-0.051231128833329,0.123504048785736
1.76019763946533,0.242942437529564,0.217752506978005,0.0455571507816841,1.47201694647471,2.09366928537687,0.167912805528597,0.320908067866824
1.17700886726379,0.0664241760969162,0.163167459134289,0.0626197799650455,0.874366375307242,1.50417956908544,-0.0583065751685215,0.17729967371477
1.38411295413971,0.137075364589691,0.189665940299121,0.0600397518499358,1.032923985521,1.7688508828481,0.0140683614017005,0.247691222445995
0.975422143936157,-0.0179994851350784,0.173130005099664,0.0806786910686574,0.650908490022024,1.31763910551866,-0.186480219767738,0.119796473385775
0.88111025094986,-0.0606319755315781,0.138909619658442,0.0714154560052058,0.614058536291122,1.16283292969068,-0.21179023492135,0.0655173173271454
1.10206985473633,0.0332165062427521,0.259452530751959,0.0851735846567098,0.729628113408883,1.50274562835693,-0.136898501255511,0.17688547323475
0.979620575904846,-0.016485184431076,0.25188011767676,0.0733023460011783,0.71420667419831,1.23917438685894,-0.146176100482097,0.0931324207371203
0.862101435661316,-0.066809818148613,0.0894983743554595,0.0455978396363085,0.686160721381505,1.03803778092066,-0.163574171583076,0.0162131600497451
0.799548625946045,-0.111192844808102,0.219356504989295,0.110085698795148,0.461694281299909,1.21214342912038,-0.335645827644741,0.0835537467220665
1.65763783454895,0.213680133223534,0.39145377930812,0.0618855627392959,1.3253913551569,1.99154820541541,0.122344129582807,0.299190822692928
0.950858294963837,-0.0273580998182297,0.145894005336619,0.0707799683595879,0.670485438903173,1.23870807389418,-0.173610651927278,0.0929689664042055
0.493289798498154,-0.316593527793884,0.100658113083982,0.0941967551494327,0.300009895612796,0.694986756145954,-0.522864484509946,-0.158023486492392
1.29391932487488,0.106322951614857,0.20882051942835,0.0697808130772071,0.918715576827526,1.71323411464691,-0.0368189217563626,0.23381670658585
0.771204352378845,-0.1197844222188,0.12544415213818,0.0841269613415704,0.527649415036043,1.01030861437321,-0.277654646653448,0.00445404882818121
0.685632109642029,-0.172212943434715,0.116474361942349,0.0953219667017114,0.473835387577613,0.899128300448259,-0.324372522677133,-0.0461783489692978
0.947473526000977,-0.0297891180962324,0.158143621015479,0.0757595788309768,0.647683255374432,1.26329460640748,-0.18863733966462,0.101504634659046
0.849447250366211,-0.0782062858343124,0.150594795649299,0.0821261283005542,0.557503372430801,1.14602576295535,-0.253752532551252,0.0591943571085222
0.696031391620636,-0.167578086256981,0.145624900918116,0.0968641919213501,0.426811643938224,0.991260243952275,-0.369763813701652,-0.0038123339000518
1.13216733932495,0.0508158877491951,0.127668018487303,0.0541332569482566,0.897368881603082,1.37472732365131,-0.047028994808539,0.138216564654808
0.882832050323486,-0.0615942515432835,0.16100577924482,0.0816502693174456,0.579672115544478,1.21402858893077,-0.236817624697203,0.0842289021662609
0.960996389389038,-0.0228478945791721,0.144116334496674,0.0732073669313946,0.689996721347173,1.23717875579993,-0.161152972992115,0.0924324077627612
1.17360591888428,0.0649895817041397,0.145098552303138,0.0713925720612247,0.915654157102108,1.43607744971911,-0.0382686183073162,0.157177861978556
1.04937374591827,0.0172580722719431,0.125564937704604,0.059901052183687,0.824142948786418,1.27975542247295,-0.0839974529400113,0.107126975033547
1.24249994754791,0.0853976383805275,0.251036536624669,0.0885407246745246,0.789884371558825,1.77574313680331,-0.10243666810189,0.249380133557215
0.877918183803558,-0.0635639205574989,0.15248357640419,0.0803040190961246,0.595973373452822,1.18691963752111,-0.224773146286773,0.0744213040584201
1.26267743110657,0.0999317243695259,0.114581351010197,0.0324686809856647,1.12241144080957,1.40563127398491,0.0501520847492776,0.147871410710422
0.690020442008972,-0.1691724807024,0.127836200538294,0.0858697353131168,0.436757113536199,0.940772745013237,-0.359760074790122,-0.0265152747950216
0.913847863674164,-0.0447467155754566,0.131049828929637,0.0772543132377968,0.667867211004098,1.1487509906292,-0.175310160669443,0.060225898394078
0.851576387882233,-0.0778124108910561,0.15991439817698,0.0852194312174728,0.55068531781435,1.17900066872438,-0.259096505847966,0.0715140320605395
1.22974681854248,0.0873868763446808,0.124380742166944,0.0475857489722586,0.997874126334985,1.47306225895882,-0.000924245029761676,0.168221102207087
0.828009963035583,-0.0880981385707855,0.135514260086704,0.0745369277346943,0.567257360120614,1.09773207306862,-0.24621993140957,0.0404963469428016
1.06591606140137,0.0244489554315805,0.123028712218856,0.0559446370210955,0.835691299537818,1.2907760232687,-0.0779541193253169,0.110850871496085
0.642767310142517,-0.200694397091866,0.113911266203371,0.0969728398777509,0.423158121109009,0.860552448530992,-0.373497425950885,-0.0652226553619035
1.1080070734024,0.0388376489281654,0.159769131171966,0.0779182260732522,0.81296988427639,1.40758702456951,-0.0899257479291391,0.148475252700953
1.20598721504211,0.0787482708692551,0.128563077334683,0.0483367707017454,0.957918333013852,1.45437120298545,-0.0186715479786309,0.162675266431025
1.3296867609024,0.120755553245544,0.159433303247664,0.050732293280254,1.04983803729216,1.63714724679788,0.0211222763732855,0.214087725421883
0.642520248889923,-0.202573418617249,0.137784732704938,0.0972264655309295,0.383527137835821,0.922110824783643,-0.416203980178016,-0.0352169063346858
0.701074838638306,-0.168172553181648,0.170510128831369,0.114672795686146,0.391453223675489,1.05396853188674,-0.407320126856154,0.022827644426662
0.673495173454285,-0.180224359035492,0.115962536382212,0.0969391961970014,0.452480698376894,0.884850119551023,-0.344399952830254,-0.05313028611202
1.01949763298035,-0.00626393035054207,0.261612870733959,0.114693747410055,0.567696736752987,1.58267386555672,-0.245883810062038,0.19939138412833
1.53447437286377,0.180968344211578,0.226799158931721,0.0674972219414269,1.11889409224192,1.99518526395162,0.0487889771700416,0.299983228486448
1.30334877967834,0.112767092883587,0.130299895200665,0.0455033540588232,1.05890742242336,1.55904374221961,0.0248578570926267,0.192858208020581
0.827481329441071,-0.0892731472849846,0.146436270126587,0.0792811762251565,0.553516001999378,1.12479064365228,-0.256869820006526,0.0510716950960074
1.35153222084045,0.129598081111908,0.105211420847972,0.0322341711281252,1.17771874467532,1.54857519567013,0.0710415706273171,0.189932296696632
1.18735098838806,0.0722537264227867,0.115354608591787,0.0471981354910917,0.978308278818925,1.40739827354749,-0.00952428057888193,0.148417013925036
0.598984599113464,-0.234218969941139,0.135355405216247,0.102632670590376,0.346089132626851,0.882540041208267,-0.46081214859247,-0.0542655820099196
0.95862090587616,-0.0209872629493475,0.103010085771204,0.0488000216671141,0.770634966591994,1.15147316853205,-0.113151290520246,0.0612538163674815
0.870854079723358,-0.0838318467140198,0.389378676573172,0.13721306539822,0.440043952316046,1.41674490272999,-0.356504292028811,0.151291592476518
1.15986859798431,0.0625507906079292,0.105754852776523,0.0406272931093653,0.95949652493,1.37164547244708,-0.0179565943287853,0.137241874196645
1.26402413845062,0.100467935204506,0.0946148971250167,0.0342762553620958,1.09712572395802,1.45110190411409,0.0402563973240125,0.16169789997638
0.688517212867737,-0.17392909526825,0.160476358849896,0.102496478911433,0.416060401499271,1.02400356630484,-0.380843654780312,0.010301468179421
1.43208801746368,0.153988897800446,0.13874929577202,0.0413001641449556,1.18673935135206,1.70496374666691,0.0743553412008004,0.231715146952743
0.317535102367401,-0.509959518909454,0.0709682621246208,0.104487793375478,0.18510432417194,0.464836139976978,-0.73258346383549,-0.332700113928842
0.95498925447464,-0.0230273324996233,0.109625686585996,0.0523844517985405,0.746500700215499,1.16723892688751,-0.126969784126916,0.0671597550434163
0.960373163223267,-0.0210936088114977,0.119923823648333,0.0562722460149153,0.727659945686658,1.20198924938838,-0.138071680490969,0.0799005808407898
1.08283710479736,0.0313887745141983,0.122015696705443,0.0555282785442294,0.856870280206203,1.30750586887201,-0.0670849204261315,0.116443642922603
0.732681632041931,-0.146886080503464,0.198550637350402,0.0985034103217694,0.451980407784382,1.03391814331214,-0.344880392453407,0.0144861544325056
0.991271674633026,-0.0117996893823147,0.150460480901496,0.103212141116739,0.72691547224919,1.27168766061465,-0.138516087185497,0.104380457245568
1.18959021568298,0.0710118487477303,0.174141141258354,0.0612876950926528,0.889960270126661,1.51082478562991,-0.0506293958528055,0.179214098061701
0.924540638923645,-0.0414593107998371,0.199683442156639,0.0766879656943877,0.648952792088191,1.21611139873664,-0.187786951473458,0.0849733380907822
0.596080183982849,-0.23392428457737,0.118403605735643,0.0921785000675221,0.366218017538389,0.838479722539584,-0.436260298462182,-0.0765074362408009
1.13702642917633,0.0451981462538242,0.250165631143963,0.0968287792229877,0.691442623734474,1.64103162586689,-0.160243852823907,0.215116949039596
1.06486165523529,0.0222867839038372,0.159769055392645,0.0665983164323462,0.757028149068356,1.38436236977577,-0.120887977767716,0.141249522065807
0.697207629680634,-0.162445887923241,0.104428204885566,0.0757831195964448,0.502335133155187,0.886892303327719,-0.299006502597917,-0.0521291140027312
0.552003979682922,-0.269639909267426,0.123712837841831,0.102838487775642,0.322783093899488,0.80518406778574,-0.491089221397113,-0.0941048363486569
0.906653106212616,-0.0471486672759056,0.123341178131738,0.0669233441081371,0.672095702091853,1.14673628707727,-0.172569636165756,0.0594635513761499
0.887772679328918,-0.0559062026441097,0.120680766210664,0.0614709762911638,0.658279449741046,1.12265430589517,-0.181589726312731,0.0502460459783841
1.11940467357635,0.043921735137701,0.169044404930039,0.0669683758871618,0.798887632290522,1.45590410431226,-0.0975143413436368,0.163132769722756
0.948686838150024,-0.0278365537524223,0.138668684855557,0.0673490004085913,0.679302608966827,1.22326980729898,-0.167936880559803,0.0875222562558206
1.11840295791626,0.0401889346539974,0.217401546209153,0.0864730533263841,0.726195048789183,1.57028166055679,-0.138946735159795,0.1959775552195
1.65004277229309,0.21574604511261,0.145979060579627,0.039385062821239,1.38429875572522,1.94968816240629,0.141229822754233,0.289965148646728
0.457621246576309,-0.363614171743393,0.254360892328746,0.130158604821545,0.245323002338409,0.711351467669011,-0.610262192932736,-0.147916209194984
0.866687715053558,-0.0667994469404221,0.116613931495045,0.0680153740267655,0.645618511239688,1.08293809394042,-0.190024035990871,0.034603629135523
1.3236540555954,0.119525864720345,0.133313852584548,0.0445760863022141,1.07188137670358,1.59234233597914,0.030146690465549,0.202036441693969
0.991649508476257,-0.00927375350147486,0.141258514799612,0.0774629705982724,0.729880319039027,1.2562886873881,-0.136748437951984,0.0990894397546649
1.48629653453827,0.169854760169983,0.15269771438392,0.0441453473869103,1.22039564450582,1.80567363798618,0.0865006358224013,0.25663925730188
0.83070957660675,-0.0869635194540024,0.122527707528098,0.0843729632626297,0.599167108535767,1.05047034124533,-0.222452035384507,0.021383791950314
0.640610635280609,-0.200481951236725,0.109087690140014,0.081847931181013,0.426984740545352,0.852102433145046,-0.369587645443505,-0.0695081991474643
1.09304440021515,0.0326533317565918,0.165095393030965,0.0780200402204024,0.788707113265991,1.40837803085645,-0.103084244004894,0.14871923924329
0.818836331367493,-0.0939463302493095,0.145707741937791,0.0799085024304372,0.537475531796614,1.107512246569,-0.269641338187234,0.044348537007951
1.1735258102417,0.0531245283782482,0.374425686699079,0.11557043905025,0.663400791585445,1.79066164692243,-0.178224108148036,0.253013530487391
0.88620138168335,-0.0553789921104908,0.0991704798973383,0.0517063154589048,0.694019541641076,1.07773725390434,-0.158628303167851,0.0325128882136097
1.15839111804962,0.0589330457150936,0.172619545388072,0.065967551762845,0.835791170100371,1.50527589321136,-0.0779022221363007,0.177616105579695
0.735205769538879,-0.143768981099129,0.15077412000411,0.0981070840859412,0.4488667567571,1.03176903029283,-0.347882607209482,0.0135824786427588
1.00784468650818,-0.00908515136688948,0.239638970832416,0.105696718771785,0.589083352684975,1.50515275796254,-0.229823284049004,0.177580575039714
0.914971172809601,-0.0470074079930782,0.191055112006465,0.0846828508112655,0.604285045961539,1.25900581181049,-0.218758248870906,0.100027719895586
0.558918178081512,-0.265035390853882,0.129336225220715,0.10666121888343,0.319457053393126,0.827220313747724,-0.495587560636693,-0.0823788435185173
0.790249645709991,-0.110070094466209,0.133192465515069,0.0915828197638112,0.54057321002086,1.04432513217131,-0.267145493971644,0.018835712278385
0.762730240821838,-0.12581093609333,0.147054370710158,0.0851766708369556,0.490072548141082,1.04971128006776,-0.309739719721009,0.021069862351966
0.908841609954834,-0.0449532940983772,0.106936720362552,0.0579790475116406,0.707503678401311,1.11609355707963,-0.150271302448665,0.0477006002703887
1.0436600446701,0.00673027196899056,0.240087014259351,0.103043247640594,0.601425035794576,1.54424128433069,-0.220818506269864,0.188715111280008
1.11907184123993,0.0435240864753723,0.172755710512597,0.0688351795714175,0.786529236535231,1.46692378620307,-0.104285129452923,0.166407544347882
1.01401805877686,-0.00171737570781261,0.188369760246786,0.0833035194689294,0.666859788199266,1.40823818643888,-0.175965470535376,0.148676096527774
1.23131275177002,0.0841226205229759,0.157949167267852,0.0919487538834213,0.971302637954553,1.49190561076005,-0.0126454464604309,0.17374132885904
0.86156815290451,-0.0695869475603104,0.11821402525958,0.0695689510349323,0.635719502965609,1.07943578561147,-0.196734524299326,0.0331967412275932
0.529944658279419,-0.28900808095932,0.176973506351623,0.100344869005087,0.326519590864579,0.741021773219109,-0.486090898421096,-0.130169051306798
0.911114752292633,-0.0461198203265667,0.144399363683153,0.0714135617878254,0.628018068770568,1.19828367133935,-0.20202786193645,0.0785596331436623
0.896925210952759,-0.0569807067513466,0.198120474447797,0.0924504983792223,0.569093145926793,1.24445551931858,-0.24481766042741,0.0949793774885579
0.607533872127533,-0.228156745433807,0.137294279981969,0.103452604831793,0.357707827786605,0.892853109041851,-0.446471556261864,-0.0492203556122728
1.56826317310333,0.191806867718697,0.203227741593944,0.0560339903585539,1.19865548610687,1.99637221793334,0.0786943774421387,0.30024151746697
0.988078534603119,-0.0221482273191214,0.297094063495965,0.120283856326255,0.535765015582244,1.59229507942995,-0.271026050761346,0.202023425131949
0.964057147502899,-0.0238291416317225,0.153584525975192,0.0969714809089111,0.690845993657907,1.2443503956,-0.160618757924206,0.0949426855003459
0.276158094406128,-0.570070624351501,0.052537424476785,0.113478796636548,0.1690989865611,0.365229920049508,-0.771859011450149,-0.437433652955173
1.12849044799805,0.0490021854639053,0.141772890032813,0.05553559905766,0.85768648982048,1.41263557473819,-0.0666714533845657,0.150030078833122
1.02749741077423,0.00536868395283818,0.182749746017828,0.0742394957911,0.712853470444679,1.37170075178146,-0.146999733641772,0.137259376635104
1.28724360466003,0.106962099671364,0.145268140451637,0.0483111648065094,1.02550457417965,1.57801394263903,0.0109374584005512,0.198110825568454
1.4411768913269,0.157680079340935,0.115544552299311,0.0281155714069159,1.32117969989777,1.57042695184549,0.120961883983339,0.196017739459718
0.590797603130341,-0.2372787296772,0.115707082545503,0.0888431065808136,0.373074345539014,0.821846581498782,-0.428204640866595,-0.08520927228585
1.20311832427979,0.0780690088868141,0.121478906428659,0.044323688340016,0.96827729344368,1.44247555236022,-0.0140003026677276,0.159108461190931
0.759960114955902,-0.133161529898643,0.188948154944648,0.112390986746263,0.42702008013924,1.15786916315556,-0.369552057087422,0.0636594840106241
0.642196595668793,-0.20048363506794,0.114367619755797,0.0899501150183236,0.420787599434455,0.859015020728111,-0.375937144076068,-0.0659992458225191
1.07439613342285,0.027540311217308,0.128163575261895,0.0598994973952025,0.837462398409843,1.32022651831309,-0.0770346901878165,0.120648429107165
0.633337378501892,-0.211140140891075,0.174866606758373,0.103791624675764,0.385760453095039,0.909753623604775,-0.413682297046183,-0.0410762972968146
1.14822733402252,0.0556748732924461,0.138328651342766,0.0696483511343874,0.91293348968029,1.39236557384332,-0.0395608637305807,0.143753276632205
0.808828353881836,-0.0991180092096329,0.140237685459347,0.0798254795968928,0.540490679939588,1.08725793262323,-0.267211790491287,0.0363325747510323
0.748818099498749,-0.131844192743301,0.0981002536931534,0.0882748813568461,0.580821250379085,0.910871702929338,-0.2359575254545,-0.0405427914112287
0.832974195480347,-0.0852682068943977,0.13183184723337,0.0740121142048196,0.585539291799068,1.09761042396228,-0.232443968070893,0.040448222823569
0.763006567955017,-0.12410219758749,0.12651310003719,0.0788652427975836,0.522206554313501,1.01060355901718,-0.282157681586848,0.0045808182164309
0.748431861400604,-0.133537292480469,0.13507748193847,0.0843684264554029,0.489976061880589,1.01582660873731,-0.309825200884527,0.00681958320400782
1.04196882247925,0.0150642516091466,0.116954826796184,0.049739193862785,0.820350863536199,1.2699951817592,-0.0860003737631194,0.103802041519873
0.688443183898926,-0.173460409045219,0.148322267727928,0.104529142529579,0.416093287616968,0.988487121462822,-0.380809319326291,-0.00502898546156274
0.585156857967377,-0.244915351271629,0.135053727509827,0.105323506057502,0.344329562534889,0.866601995627086,-0.463025691205543,-0.0621803780896304
1.27862370014191,0.10539323836565,0.100863642798029,0.0342700326219341,1.09363928337892,1.48342922329903,0.0388740902578839,0.171266830251848
1.37653207778931,0.136461690068245,0.135176150835841,0.046796511961527,1.12851503690084,1.62954714993636,0.0525072571065469,0.212066929883782
0.738310575485229,-0.146641924977303,0.191246296747045,0.115695841616028,0.410562458634377,1.14321584502856,-0.386620789521155,0.0581279557885109
0.766332685947418,-0.121420443058014,0.104394233995805,0.082478817935207,0.581483986973762,0.95188609957695,-0.235462255061763,-0.0214150224079242
1.17523419857025,0.0657561793923378,0.164813287912481,0.0622521492843642,0.87287308126688,1.50462402403355,-0.0590488996663476,0.177427991829055
0.669999003410339,-0.176714792847633,0.070530827298121,0.0517977659298438,0.533932983875275,0.794721993307273,-0.272513249637394,-0.0997847706898871
1.52445161342621,0.1812963783741,0.138961576690122,0.0398757631239507,1.26008563737075,1.79586562315623,0.100399943695515,0.254273837145894
1.08676815032959,0.0325319841504097,0.126583088271653,0.0607657341686366,0.855932791531086,1.32303270995617,-0.0675604328639436,0.121570571403909
0.955094039440155,-0.0334019288420677,0.237386885484558,0.109879598465452,0.538435976703962,1.43284287552039,-0.268865951967646,0.156198538626289
0.853096783161163,-0.0758461505174637,0.139688892773591,0.0820747413466108,0.588071390489737,1.12572806378206,-0.230569962637991,0.0514334916359373
0.868976771831512,-0.0643965601921082,0.108118210535276,0.0547173473957505,0.665117406845093,1.07967099646727,-0.177101708049298,0.0332913828882415
0.778755486011505,-0.11658737808466,0.146214204232455,0.0846796119058572,0.498196814705928,1.07306312521299,-0.30259905902997,0.0306252453031242
1.29936587810516,0.110124632716179,0.165208656031914,0.0566243279787737,0.994694021344185,1.64403631389141,-0.00231058688172336,0.215911406114215
1.13375270366669,0.0520997680723667,0.114539809160874,0.0474991545437246,0.917116355895996,1.35374754269918,-0.0375755738848028,0.131537680541684
0.969910621643066,-0.0172716192901134,0.128183157445074,0.0601774857089922,0.719665838778019,1.22208353678385,-0.142869113258547,0.0871008916505537
1.02447903156281,0.00718168169260025,0.124117654021928,0.0545651288632287,0.790725725889206,1.26238846480846,-0.101974137578153,0.101193017470828
1.39745402336121,0.143478378653526,0.129870873096075,0.0401876283920004,1.15332335134347,1.65781117677689,0.0619510493465602,0.219535061530379
0.9800626039505,-0.0112712886184454,0.0873185454001476,0.0541915415576078,0.830548531313737,1.12544266283512,-0.0806350060227298,0.05132337172804
0.993921995162964,-0.00730509497225285,0.133149288014737,0.0682943034406838,0.739751501381397,1.24099442561467,-0.130914170225978,0.0937698264663716
0.812410593032837,-0.0959446206688881,0.124374152838395,0.073679315746479,0.572745175162951,1.04870987137159,-0.242038571174589,0.0206553016421033
0.485282421112061,-0.325459748506546,0.117080599982314,0.0996245718564486,0.292951447019974,0.704749724765619,-0.533204360276476,-0.15196515081992
1.16812300682068,0.0643275082111359,0.131494815454972,0.0554844925428535,0.928389833370845,1.40743210613728,-0.0322696275075544,0.148427452765634
1.36078011989594,0.130388006567955,0.164641839027545,0.0558574917115672,1.05436737438043,1.68930916090806,0.0229919218301462,0.227709136179391
0.857685267925262,-0.0715706795454025,0.120198822968216,0.068711098046736,0.631193262835344,1.08413768808047,-0.199837719855203,0.0350844407969774
0.711963415145874,-0.154835134744644,0.128414755951467,0.080621509781411,0.46925200621287,0.973858141402404,-0.328593912016872,-0.011504328636334
1.31225264072418,0.116107992827892,0.128779580273688,0.0400965310169728,1.09380204677582,1.53634837567806,0.0389387291247385,0.18648970533831
1.69342732429504,0.223926946520805,0.303818122618691,0.0608714234517541,1.31139786839485,2.09589688777924,0.117734471165267,0.321369904958479
0.810008585453033,-0.101983815431595,0.174110943321348,0.0971792204970084,0.489326306929191,1.17263905405998,-0.310401442320921,0.0691642968776656
0.621561050415039,-0.215294942259789,0.126764568272261,0.0880680994466217,0.394603964686394,0.863251431286335,-0.403838621205918,-0.0638627050933542
0.985815048217773,-0.0135488314554095,0.172680818958663,0.0831210401988326,0.665530290702979,1.32714511950811,-0.176832176176056,0.122918413838742
1.0138703584671,0.00249128881841898,0.12792136623896,0.0553565208829573,0.768247509996096,1.26967467864354,-0.114498839777127,0.103692449428361
1.68036305904388,0.218436375260353,0.318757037010305,0.0766633938148233,1.17548967401187,2.2873509546121,0.0702187929223377,0.35933273070699
0.67835533618927,-0.180085748434067,0.144908303656143,0.107364634955874,0.407862518479427,0.957077330350876,-0.389486203411757,-0.0190530627736545
0.775890946388245,-0.114514708518982,0.106549684293661,0.0623870701074454,0.575617597500483,0.981681851049264,-0.239865939785282,-0.00802923916429902
0.655142068862915,-0.189051330089569,0.10000821281027,0.0700060604017967,0.463943662991126,0.845998482902845,-0.333534936807163,-0.0726304162995752
0.957525491714478,-0.0232184231281281,0.122959082937212,0.0669253410614772,0.73521209359169,1.18713671565056,-0.13358736227218,0.0745007369270978
1.06017017364502,0.0192813500761986,0.175068448508708,0.0736473891200921,0.732585286100706,1.42351749241352,-0.135142180798005,0.153362804660447
1.53114259243011,0.183523252606392,0.128122642832682,0.0359080304594767,1.29835089643796,1.79470677475135,0.113392079671115,0.253993501683234
1.25630104541779,0.094755508005619,0.173331429720552,0.0625435483730638,0.931990674138069,1.60201029380163,-0.0305884362622203,0.204665300284953
0.920495808124542,-0.0401101410388947,0.121264203145465,0.0620466550650454,0.684728383024534,1.15480956832568,-0.164481669883367,0.0625103526638727
1.44083964824677,0.156448125839233,0.142745409770208,0.0437073383562572,1.1767793605725,1.72335977057616,0.0706950398209297,0.236375934187078
0.994457423686981,-0.010616397485137,0.19041757789647,0.0855313478600998,0.641140345235666,1.39033373494943,-0.193046908101727,0.143119030200505
0.954021751880646,-0.0226154085248709,0.0900657337099252,0.0454142681434132,0.785644049942493,1.12242714862029,-0.104774181045424,0.0501581612065258
1.05196380615234,0.0195161830633879,0.101374856294937,0.050470824700928,0.875049631297588,1.23900337318579,-0.057967334562314,0.0930724887367953
1.08337962627411,0.0313568264245987,0.128525511236738,0.0568641043866352,0.845090416570505,1.32636554340522,-0.0730968236270611,0.122663188092951
1.27657401561737,0.103276744484901,0.148545476892227,0.0486357379707516,1.01675003667672,1.54919870396455,0.00721419062360564,0.190107122652548
0.675838708877563,-0.180140256881714,0.128964136593428,0.102655499062194,0.430758489668369,0.918128366271656,-0.36576644026535,-0.0370967746111706
1.13421285152435,0.0529189445078373,0.0961198782870925,0.0412810640270432,0.95832401116689,1.31606435974439,-0.018487636642738,0.119277128172481
1.21840500831604,0.0820974782109261,0.147695254164681,0.0599578966929131,0.949465663234393,1.49844826658567,-0.0225207398396841,0.175641747505828
1.17531430721283,0.0639204978942871,0.194141165734503,0.0750199725955692,0.805391132831573,1.56211876869202,-0.0939931617453833,0.193714050429032
1.22162663936615,0.0849156305193901,0.121763893828586,0.0414580414300395,1.013027531902,1.4494630108277,0.00562124788454926,0.161207133592822
1.19866621494293,0.0751656889915466,0.149967005697075,0.0562234014301244,0.919016974667708,1.50411404470603,-0.0366765145974216,0.177280764460723
0.723041772842407,-0.149604693055153,0.141354417521911,0.089227986726115,0.453876755634944,1.00835970640183,-0.343062155392084,0.00361538342856251
0.903075277805328,-0.049723707139492,0.111204568159969,0.0836598285539141,0.713840534786383,1.09012312491735,-0.146398974434744,0.0374755519766873
1.29076147079468,0.106568947434425,0.173971347526659,0.0630622953809986,0.970813215772311,1.629316898187,-0.0128643202660726,0.212005559475634
0.79467248916626,-0.116512656211853,0.257765505582397,0.117659995100492,0.443052183588346,1.21900252302488,-0.353545165285574,0.08600457056915
1.01565158367157,0.00330211827531457,0.117609753426026,0.0586514586141477,0.796385346849759,1.23908467590809,-0.098876740102741,0.0931009859626851
1.70842051506042,0.230952247977257,0.15400361911938,0.0372777010511695,1.44981820484002,2.00771838029226,0.161313547471462,0.302702780996328
1.52602779865265,0.182604059576988,0.104009153565041,0.0285668361925012,1.35755307674408,1.72050275206566,0.132756817500405,0.235655364849634
1.06080210208893,0.0220795031636953,0.127294397151847,0.0584232731224884,0.826113131642342,1.29554875989755,-0.0829604935862528,0.112453752116854
1.07951128482819,0.0301558114588261,0.123201674015594,0.0533311377006014,0.847003018359343,1.31797985831896,-0.0721150440748398,0.119908769342183
0.645523250102997,-0.201966270804405,0.145847500101628,0.104623484788825,0.378361741205057,0.946808559199175,-0.42209278533021,-0.0237380772740181
1.14225780963898,0.0523619130253792,0.178007199418412,0.0692510521790294,0.809055465459824,1.49701446394126,-0.0920217520857288,0.175225923182709
0.572041213512421,-0.251246184110641,0.108837043652805,0.0900860142706257,0.360136863340934,0.783986932535966,-0.443532425440011,-0.105691183422933
0.669073462486267,-0.186180755496025,0.14220317764625,0.108229423762975,0.40332585622867,0.94733935246865,-0.394343954193486,-0.0234944509264113
0.649189472198486,-0.194646313786507,0.105995039561217,0.084125915178377,0.439471536626418,0.844941215713819,-0.357069267152826,-0.0731735050616363
1.46437811851501,0.163867607712746,0.133136802114367,0.0395201767732703,1.22514826754729,1.7176177829504,0.0881886502308706,0.234926523731421
1.63390910625458,0.208446532487869,0.234167826004541,0.0664481108220303,1.20631490051746,2.0843180835247,0.0814606907933251,0.318963993388356
0.873628318309784,-0.0643835961818695,0.130479253414659,0.0752413194042071,0.619995005428791,1.12263825734456,-0.207611811465521,0.0502398277362212
0.815135955810547,-0.0959705784916878,0.200448234635232,0.0720033849182941,0.598271409670512,1.03004213273525,-0.223101754306892,0.0128549877316542
1.33223247528076,0.120613887906075,0.189408651027997,0.0578711336414458,1.01872543295225,1.67220746179422,0.00805714727360981,0.223290157007
1.24736106395721,0.0931590721011162,0.136770899227395,0.0511265076756559,0.991073424617449,1.5142185151577,-0.00389417360168253,0.180188549624966
0.96905928850174,-0.0220204461365938,0.185103468876648,0.0871828562600504,0.619686685005824,1.34620699981848,-0.207827835522748,0.129111841774956
1.02524876594543,0.00579230021685362,0.155613431031353,0.0665554796129867,0.734498244027297,1.32918481230736,-0.134009238332136,0.123585369915675
0.899145901203156,-0.0528152361512184,0.153813032055957,0.0773388047034127,0.607015398144722,1.20264647801717,-0.216800320212052,0.0801379830167847
1.3938547372818,0.141839385032654,0.142055146742821,0.0464030538206462,1.13791947960854,1.66759736339251,0.056111396639969,0.222091199086899
1.13438510894775,0.0522635318338871,0.103408920425376,0.0531848589522167,0.957181104024251,1.31834964652856,-0.0190058881902219,0.120030605435705
0.50282347202301,-0.308139234781265,0.0925984790816134,0.101361557357637,0.327216860900323,0.675429256260395,-0.485164326110248,-0.170420134096918
0.764690220355988,-0.125265225768089,0.148448473123222,0.089620114924229,0.486151710400979,1.05695785780748,-0.313228184805584,0.0240576710486526
1.26051568984985,0.0982232838869095,0.127581676298239,0.0458214118586608,1.02461414933205,1.50318338274956,0.0105603432476883,0.1770119655
1.43707239627838,0.155391529202461,0.140160767887493,0.0428247110175334,1.18058759768804,1.71591390371323,0.0720982141736267,0.234495490014686
0.549847483634949,-0.270447373390198,0.120714420265398,0.0982645354438751,0.335076270500819,0.788101066152255,-0.474856333949772,-0.103418093681239
0.723537504673004,-0.149223163723946,0.141291100421664,0.088421948105114,0.456315524627765,1.00500422219435,-0.340734760319294,0.00216788603717548
0.773567736148834,-0.116047851741314,0.103901037644748,0.066432348199853,0.569944461186727,0.961234590907892,-0.244167465210033,-0.0171706141745908
0.65917706489563,-0.191612616181374,0.141905038474783,0.0981958976049546,0.390288685758909,0.947821162144343,-0.408614074581509,-0.0232736008462723
1.23076188564301,0.0864849388599396,0.159047229629662,0.0570233992829817,0.938650047779083,1.55597763558229,-0.0274963611749563,0.19200334868398
0.525133907794952,-0.290228188037872,0.112326163850677,0.0976548004042803,0.313815215975046,0.753450697660446,-0.503326147783723,-0.122945161271342
1.10383939743042,0.0391067489981651,0.135914583302427,0.0606883092944392,0.850066983699799,1.35873833497365,-0.0705468526400094,0.133135828410587
0.539069294929504,-0.27756729722023,0.105817562375922,0.09276337318039,0.338934044043223,0.74734220157067,-0.469884811287502,-0.126480575450752
1.18641102313995,0.0722504109144211,0.10114506528293,0.0451012611146165,1.01351429621379,1.36667130788167,0.00582987672315413,0.13566403957887
0.620043575763702,-0.214893385767937,0.108035972228553,0.0831170345241883,0.410568280269702,0.83060364574194,-0.386614782665307,-0.0806063107950855
0.738566875457764,-0.140294224023819,0.144345918601941,0.0884429267711146,0.467562977721294,1.02944026390711,-0.330159893730632,0.0126011391124946
1.07757484912872,0.029443146660924,0.124668759064558,0.0517623445038198,0.839155960083008,1.31986221770446,-0.0761573185246055,0.12052859394175
0.679845690727234,-0.174265205860138,0.111144257008148,0.0804422867417004,0.46545237476627,0.893235702315967,-0.332124760424214,-0.0490339612015586
0.973137199878693,-0.0154301654547453,0.121801828769366,0.0572227823421545,0.742188481489817,1.2165375739336,-0.129485790336123,0.0851255245936864
1.18086850643158,0.0704125314950943,0.104729556596152,0.0401504134160329,0.984855464597543,1.38397352496783,-0.00662750335674659,0.141127775396089
0.966656863689423,-0.0196295771747828,0.115060456817261,0.0781151556726864,0.775899650156498,1.16168861488501,-0.11019445059865,0.0650897238721926
0.860449016094208,-0.0729449540376663,0.162140050536527,0.0823953416339866,0.558996847271919,1.17694278756777,-0.25259064283694,0.0707553476922981
0.917248368263245,-0.0477215982973576,0.195380351678499,0.0958479058633652,0.547045564651489,1.33027928670247,-0.261976652273211,0.123942737959513
1.09681439399719,0.0384333208203316,0.0942377624102131,0.0393271866405317,0.923934715986252,1.2851877083381,-0.0343587144897698,0.108966549062431
1.13426351547241,0.0525693856179714,0.110727101598606,0.043726990707554,0.920939819018046,1.34873930513859,-0.0357687667637092,0.129928013778914
0.985818386077881,-0.0107809081673622,0.134590518912633,0.0660324092272181,0.729789100587368,1.23559945325057,-0.136802670686946,0.0918777070142042
1.4530793428421,0.157716393470764,0.253421834868413,0.059192778300876,1.13283734023571,1.79779747724533,0.054167554469969,0.254740696420302
0.520765721797943,-0.291401833295822,0.100622897163182,0.084295558508173,0.336630305896203,0.717676162223021,-0.472846816874,-0.144071507742723
1.48378932476044,0.169832855463028,0.126140923438634,0.0364709398423053,1.25316178798676,1.72911142309507,0.0980071436885348,0.237822979899243
0.969844043254852,-0.0170661304146051,0.124651008186144,0.0583784000442423,0.734421081344287,1.2195440351963,-0.134054913314796,0.0861974708200916
0.933077454566956,-0.0343700386583805,0.128104120099983,0.0620638429290185,0.689854787786802,1.18505689104398,-0.161242317371085,0.0737391957151803
0.790663957595825,-0.107368335127831,0.105508792304892,0.0775678857325194,0.605644398927689,0.976900592446328,-0.217782296553591,-0.0101496767102461
0.885611057281494,-0.0614945255219936,0.173962910505332,0.0886456221734134,0.560782107710838,1.25069055060546,-0.251205855441117,0.0971498337051012
1.08792150020599,0.0299372039735317,0.167652136680223,0.0852050344035302,0.789209810892741,1.40151839454969,-0.102807550304752,0.146598800310332
1.07551634311676,0.0267553441226482,0.159206756677294,0.065608662320014,0.765622575581074,1.39358095626036,-0.115985284190257,0.144132188844428
0.682261884212494,-0.169673308730125,0.0851359237026435,0.0574502992993324,0.517273447414239,0.845441187421481,-0.286279815647684,-0.0729166068007549
1.18909394741058,0.0724144205451012,0.12115799829945,0.0535630248547871,0.980295132100582,1.41194957991441,-0.00864315836211634,0.149819184932797
0.547071933746338,-0.273031502962112,0.119116307731788,0.101182423597697,0.327202074974775,0.788554647068183,-0.485183952156959,-0.103168205106597
1.06066417694092,0.0168798882514238,0.209523646055266,0.0880259928399689,0.675454120834668,1.48596949676673,-0.170404207123408,0.172009893370412
0.808628976345062,-0.101395480334759,0.146861227384043,0.0994558694240562,0.536480660239855,1.09405661622683,-0.27044595253222,0.0390397620051401
0.435606777667999,-0.373451352119446,0.104802446458695,0.10540329261785,0.252022194117308,0.65653034200271,-0.598561233097158,-0.182745198054932
0.508806109428406,-0.306866496801376,0.123946425038901,0.110340371028575,0.283451831589142,0.767173953851064,-0.547521005699465,-0.115106150461519
1.05401885509491,0.0202914662659168,0.118449249232098,0.0466196336265865,0.847572082777818,1.2643582701683,-0.0718233731369736,0.101870147179214
1.1004650592804,0.0292911678552628,0.273762428140925,0.102802234074805,0.660639430582523,1.63969100018342,-0.180035522780048,0.214761923273444
0.838472366333008,-0.0815358310937881,0.113931246253167,0.0722372540637251,0.632038299242655,1.04778868357341,-0.199256633786352,0.0202736842501153
0.560717225074768,-0.261765837669373,0.120923430119684,0.0971717450352198,0.332057970762253,0.810733222961426,-0.47878614439555,-0.0911220379610153
0.749734580516815,-0.13014654815197,0.107603634605711,0.0693892589566483,0.538948333263397,0.955115794638793,-0.268453984318804,-0.0199439881384426
1.09644460678101,0.0364862121641636,0.114494189261485,0.0644497545401421,0.902078521748384,1.29802441596985,-0.0447557035952875,0.113282857653632
1.34984123706818,0.127513393759727,0.160518985609139,0.0482045046741817,1.08853274285793,1.63454738855362,0.0368414527702623,0.213397496324576
0.550875902175903,-0.268254160881042,0.10779238872645,0.0937855623268146,0.338922011355559,0.765213469664256,-0.469900229774605,-0.116217418348395
0.505125999450684,-0.307854801416397,0.111888533238533,0.101553907397722,0.301469220221043,0.728200216094653,-0.520757071408182,-0.13774928761699
1.3392333984375,0.124725185334682,0.141875882639639,0.0420351847926003,1.10785420735677,1.57501217722893,0.0444826113349862,0.197283915892278
0.895538747310638,-0.0554085448384285,0.160447872803999,0.0828378929712191,0.586847378810247,1.20805993378162,-0.231475075255515,0.0820884759518968
1.41317403316498,0.147993877530098,0.141142944333351,0.0440806226310919,1.15361814002196,1.68612794677416,0.0620620763727742,0.226890526304666
1.13467168807983,0.0508926063776016,0.148791268057687,0.0602516834677514,0.860587750871976,1.42813278834025,-0.0652050403628089,0.154768588120595
0.715392649173737,-0.153876051306725,0.117461428760177,0.0988097775055283,0.504771323502064,0.932619841396809,-0.296905340264008,-0.0302953492677269
1.16655004024506,0.0624937750399113,0.165308726381235,0.0622789601868301,0.85604036351045,1.50524138609568,-0.0675057809662328,0.177606147436975
0.842844128608704,-0.0884742885828018,0.23232446761116,0.11035818738378,0.484561064094305,1.29022783736388,-0.314651548942143,0.110666384633501
1.40531146526337,0.143655568361282,0.191805374749631,0.0602513627299106,1.04008854925632,1.80260605315367,0.0170703066995283,0.255900823590863
1.29913473129272,0.111748144030571,0.108290081166341,0.04453933887048,1.11527937153975,1.49490285317103,0.0473836677074122,0.174612970180487
1.40331900119781,0.145238935947418,0.131105980592425,0.0410190620571715,1.15545140604178,1.66313766241074,0.0627516852653045,0.220928197909308
0.664242565631866,-0.184257000684738,0.107172898550578,0.0799859551584598,0.454802684485912,0.858907489478588,-0.342176980550329,-0.0660536164184764
1.30111467838287,0.112403310835361,0.120983527379969,0.0410407179754178,1.07203852633635,1.53823502163092,0.030210393029952,0.187022643715445
1.31122303009033,0.112749338150024,0.195743228892074,0.065951437753904,0.938227687279383,1.70743761857351,-0.0276917582210906,0.23234461650394
1.32047486305237,0.118869312107563,0.121473969078262,0.0404058727208437,1.09617844720682,1.56651282310486,0.0398812056594324,0.194933954264572
1.19237697124481,0.0735027715563774,0.110673733735354,0.0596234561379907,1.01123691300551,1.37855336765448,0.00485291420224734,0.139423565298065
0.598350465297699,-0.229690313339233,0.0938684192438545,0.0829361241385701,0.417226284742355,0.769015699625015,-0.379628348336509,-0.114064793899996
1.00349545478821,-0.00137247319798917,0.113301842560752,0.0508509647979223,0.787179379165173,1.22386210560799,-0.103926291166553,0.0877324879487192
0.474928855895996,-0.332960456609726,0.088278191437528,0.10062786728316,0.303418876727422,0.638866115609805,-0.517957566159897,-0.194590148344454
1.38879585266113,0.14165061712265,0.0958099353083723,0.0290258457470176,1.22651900251706,1.56948582132657,0.0886742770588745,0.195757355241017
1.18262100219727,0.0668500289320946,0.217217432676384,0.0702848446288457,0.85110080887874,1.53201093177001,-0.0700190089217041,0.185261858876234
0.720061421394348,-0.150606825947762,0.12925556565952,0.0875546258260891,0.471802801390489,0.971561570465565,-0.326239598878254,-0.012529699696114
0.835348069667816,-0.0842441394925117,0.131061007181033,0.0765726720125098,0.575907991826534,1.08076130350431,-0.239646899384459,0.0337297856850271
1.3580025434494,0.128732249140739,0.193423462852976,0.0597922108615197,1.01997411251068,1.73463722467422,0.00858914927521721,0.239208661892076
0.838800072669983,-0.0810767710208893,0.117811465094395,0.066567771483491,0.613243224223455,1.06407082080841,-0.21236737817391,0.0269705340241982
0.940940260887146,-0.0287318751215935,0.0826458922811991,0.0506099599702575,0.796867706875006,1.08543335398038,-0.0986138122216259,0.035603162597653
0.297478854656219,-0.53792405128479,0.0654133235338843,0.102590302879736,0.175176360209783,0.431722165892522,-0.756524502211505,-0.364795653341281
0.656669974327087,-0.189598992466927,0.102816895605465,0.0861268504235339,0.461175887286663,0.837703577180704,-0.336133447476388,-0.0769096415120204
1.21689343452454,0.0819200500845909,0.131473055968281,0.0602531963226191,0.98840483178695,1.45370682279269,-0.00506514874164257,0.162476809985566
0.899138867855072,-0.0504565760493279,0.120248122299993,0.0636893739817686,0.671758916477362,1.12918041447798,-0.172786696952128,0.0527633077551051
0.957263350486755,-0.0230757724493742,0.129925111465377,0.0603162966469603,0.710395699242751,1.22159882088502,-0.148499690761148,0.0869285825621939
1.36581635475159,0.132948443293571,0.146133530397546,0.046009312793414,1.10068290829658,1.6521165450414,0.0416622188895102,0.218040669257858
1.54488813877106,0.187737792730331,0.114295696433686,0.0317112569197267,1.35373842616876,1.76369248131911,0.131534756515928,0.246422838721992
0.899287521839142,-0.0539607591927052,0.173925629604473,0.0827016598126473,0.595245642463366,1.24470492303371,-0.225303852015133,0.0950664020891389
0.934609293937683,-0.0343398004770279,0.138275412527892,0.0667655320556354,0.661234251658122,1.20669258236885,-0.179644772688847,0.081596642276844
0.905206143856049,-0.0495014749467373,0.132280180525067,0.0836583841313122,0.667895423869292,1.14276745418708,-0.175291558370979,0.0579578437684023
1.20053696632385,0.0764733180403709,0.130523342714545,0.052648485404317,0.96366054614385,1.45018966893355,-0.0160759218045068,0.161424802914288
0.827931046485901,-0.0842336937785149,0.0793597634402309,0.0456768607412727,0.676018779476484,0.974673005441825,-0.170041247053242,-0.0111410931319393
0.965494751930237,-0.0213379431515932,0.157118001622307,0.0743614944749917,0.674071789781253,1.27921656866868,-0.171293866203558,0.106944063478158
0.509558081626892,-0.30219578742981,0.0986943619431005,0.0958174927160902,0.322007039189339,0.698543257514636,-0.492135127866588,-0.155806697420022
1.06376659870148,0.0235540121793747,0.129119725183318,0.0540030943273176,0.810816309352716,1.32114411791166,-0.0910778256142111,0.120950192151495
0.860885322093964,-0.0701275914907455,0.124184293886506,0.0694995615039687,0.621619479854902,1.10063182810942,-0.206475559558493,0.0416420297670291
1.43571841716766,0.154781073331833,0.151181765782305,0.0442577882204385,1.17684647341569,1.71646628280481,0.0707197670194144,0.234635273242407
0.943267583847046,-0.0306862480938435,0.136941673552977,0.0720410530531844,0.681846058865388,1.2024605691433,-0.166313682237275,0.0800708397773488
1.14231419563293,0.0551004037261009,0.115232168596772,0.0520000994714602,0.939865343769391,1.35470108489196,-0.0269344120651779,0.131843475114436
1.01584231853485,0.00255692820064723,0.146183658922054,0.0605750537488077,0.760134197771549,1.29593670467536,-0.119109728821532,0.112583741590533
1.01670122146606,0.00420305831357837,0.109662780061504,0.0547937123864226,0.813725744684537,1.21929944952329,-0.0895219435946036,0.0861103749826517
