PHI,log10.PHI,Std.Dev,log10.Std.Dev,0.025,0.975,log10.0.025,log10.0.975
0.986242890357971,-0.013096890412271,0.177329020371623,0.0790051443665462,0.664018488427003,1.3437543352445,-0.177819845402245,0.128319871229515
1.36031138896942,0.128083258867264,0.215865790637309,0.0700118205614568,0.96498908251524,1.79515138268471,-0.0154776009515422,0.254101072773345
1.15087866783142,0.0541513562202454,0.201471771845959,0.0783551729536053,0.776741204162439,1.56652547220389,-0.109723671060596,0.194937460916115
0.603689253330231,-0.226784661412239,0.106232544222414,0.0858321763651418,0.399796834339698,0.812549711763859,-0.398160854530556,-0.0901501400824219
0.207851633429527,-0.742930948734283,0.102497174017608,0.246736602680865,0.0474078341697653,0.43778654585282,-1.32415011647271,-0.35873771183007
0.9920694231987,-0.0126037169247866,0.201555303326847,0.0902364586098288,0.627192303041617,1.40198413431645,-0.202599284420235,0.146742948999606
0.490194976329803,-0.379285514354706,0.261214910026043,0.264375397995273,0.101224369307359,1.08525775969029,-0.994714947068277,0.035532829357323
0.718471050262451,-0.157360956072807,0.173123522891619,0.113068833647143,0.380925802886486,1.0566581239303,-0.4191597736426,0.02393448908994
0.89826101064682,-0.0663236603140831,0.260862529857805,0.135645488903161,0.423417853812377,1.43816522757212,-0.373230833548328,0.157808764644529
1.09910106658936,0.0335285291075706,0.202856041667636,0.0816299465715741,0.722428532441457,1.50021526316802,-0.141205251191093,0.176153579218695
0.301089704036713,-0.581425368785858,0.147717328785208,0.245371955907112,0.067664385586977,0.632554037372271,-1.1696398636158,-0.198902382131198
2.02920937538147,0.304019838571548,0.255333600473845,0.0533689317411225,1.57698268890381,2.50708768765132,0.19782689853389,0.399169508529985
0.288478493690491,-0.591731548309326,0.130108400779385,0.228967920009504,0.0743926328296463,0.578013676404953,-1.1284705566708,-0.238061903338976
1.39511692523956,0.140337690711021,0.197240261297989,0.0609642608887491,1.04447898964087,1.77859397232533,0.0188996253842496,0.250076814426886
2.90091729164124,0.459596782922745,0.343559060386079,0.0502999935058839,2.296070343256,3.54802210132281,0.360985160898164,0.549986313606845
1.3437557220459,0.123822413384914,0.194317073960824,0.0626399774955631,0.987306290864944,1.72242302298546,-0.00554809699241079,0.236139820497428
0.568375945091248,-0.282261699438095,0.213967051771045,0.192766252826349,0.176794760425886,1.00020848711332,-0.752530737745306,9.02518376124198e-05
0.569527626037598,-0.254194140434265,0.116779618918176,0.0939716262605539,0.341152684142192,0.802351913352808,-0.467051308419261,-0.0956351215134287
1.55260670185089,0.187485590577126,0.200833591733729,0.0557320873477054,1.18585876723131,1.94529703557491,0.0740329684812093,0.288985913212918
1.70390665531158,0.228468745946884,0.206239834086988,0.0503709267587249,1.34038841724396,2.0923427939415,0.127230666291875,0.320632837362926
0.2976975440979,-0.565158367156982,0.116227216942718,0.19680577680892,0.0915579860409101,0.535248295466105,-1.03830495322599,-0.271444731636448
0.460244685411453,-0.386244595050812,0.20279441120965,0.22125959713644,0.122802553884685,0.892454648017883,-0.91079263531971,-0.0494138458557825
0.263688027858734,-0.65487140417099,0.163029975198065,0.271564951952542,0.0522457070338229,0.602534147600333,-1.28195368288567,-0.220018338728362
1.82737815380096,0.258359909057617,0.234721587139947,0.0547351948487214,1.4106858164072,2.27523703575134,0.149430279658733,0.357026640927837
1.45899379253387,0.160439714789391,0.187951121435095,0.056245792416986,1.10471113522847,1.83379765351613,0.0432487065443961,0.263351412616301
0.744823455810547,-0.138763159513474,0.159019928314614,0.100429876795456,0.442356600612402,1.05537994503975,-0.354227488094393,0.0234088355969393
2.23535418510437,0.346183806657791,0.271670353260848,0.0524217913437928,1.72931109766165,2.76543048024178,0.237873028242608,0.441762744119258
0.304639339447021,-0.593709409236908,0.193072221405023,0.274335381573713,0.0592032442179819,0.698447749018669,-1.22765456383725,-0.155866086686747
0.376228868961334,-0.446060538291931,0.110669328380488,0.143826266716551,0.166975949456294,0.594934996465842,-0.777346305966856,-0.225530483666418
0.822976291179657,-0.114611327648163,0.283390693374712,0.171891190026441,0.30951332350572,1.41129615704219,-0.509321193444035,0.14961815517452
1.47812211513519,0.163420453667641,0.247956980538325,0.0747515165735696,1.00899062057336,1.98886491954327,0.0038871273406258,0.29860528224771
0.446982324123383,-0.399111747741699,0.19302805055039,0.225777326041578,0.10919162693123,0.857326236863931,-0.961810670744592,-0.0668538988846752
0.166613683104515,-0.829805076122284,0.0753513797344485,0.226397939638743,0.0424651235652467,0.331964263568322,-1.3719676344909,-0.478908666513844
0.926988065242767,-0.0420982614159584,0.186656764447589,0.0907649158401485,0.572794197499752,1.31065372725328,-0.24200180683034,0.117487919763738
0.204439103603363,-0.746705532073975,0.098773473585889,0.238527327249527,0.0508825688312451,0.424369308600823,-1.29343172469146,-0.372256034938465
0.921025693416595,-0.0424810796976089,0.159276032106202,0.077693324775643,0.616848958532015,1.23986623088519,-0.209821172633129,0.0933748282717005
1.01902568340302,0.00420300802215934,0.138356010249628,0.0589709419781601,0.753254153331121,1.28947020570437,-0.123058466597159,0.11041130999135
0.280098497867584,-0.583878338336945,0.0973552690995331,0.176986704202384,0.100274235134323,0.478174035996199,-0.99881354054797,-0.320414010685526
0.870410263538361,-0.069629967212677,0.175504774317371,0.0921690427358258,0.541487867633502,1.22011555234591,-0.266411337937334,0.0864009620441818
0.687300026416779,-0.179872766137123,0.183155866680776,0.126271730066023,0.337625279525916,1.04632053077221,-0.471565398879053,0.0196647469806782
0.695779621601105,-0.173691526055336,0.179770087875148,0.12340660719652,0.346642658362786,1.05126965244611,-0.460118028221875,0.0217141149922109
1.73476195335388,0.234889626502991,0.248340762995835,0.0613938188558247,1.2904538889726,2.22924966216087,0.110742431380472,0.348158707110211
0.568147242069244,-0.274082362651825,0.19045404131756,0.168141342914496,0.206188911944628,0.953834502398968,-0.685734795118759,-0.0205269747418801
0.505496501922607,-0.349268883466721,0.231307048784395,0.231050532892946,0.130024069920182,1.01537280082703,-0.885976558816527,0.00662549117159164
0.131941169500351,-0.93662428855896,0.0640277844082734,0.236903719192732,0.0322213368800779,0.274572935700417,-1.49185646849814,-0.561342274483135
0.338798373937607,-0.498099356889725,0.113974260138947,0.164800850090492,0.129760873069366,0.58000949472189,-0.886856506203269,-0.23656490010218
1.01395833492279,-0.00714915851131082,0.243017849760113,0.109400214115921,0.564606511592865,1.51595652103424,-0.248254118300541,0.180686745527109
0.164640679955482,-0.838629603385925,0.0774876705291184,0.234892876994835,0.0424268157221377,0.34017411544919,-1.37236504474597,-0.468298944948685
2.55917501449585,0.404974818229675,0.313656467140079,0.0518405338734674,1.9953663110733,3.13657377759616,0.300022635414132,0.496455493487254
0.401167213916779,-0.417659521102905,0.118289947448256,0.140632238466676,0.17896295003593,0.645944953958194,-0.747236869941547,-0.189804718637166
0.380819499492645,-0.439287155866623,0.107107373997301,0.140165565259836,0.174629225830237,0.596015298366547,-0.757883477267225,-0.224742595743407
0.526856482028961,-0.314377129077911,0.196170353460089,0.190266181981325,0.167107588176926,0.937861514588198,-0.777004158165576,-0.0278613547306897
1.18763220310211,0.0640575736761093,0.257795636752629,0.0978466657071922,0.702182837327321,1.71610713005066,-0.153549963971465,0.234544395048866
0.514287292957306,-0.338410437107086,0.223981161210921,0.225428571762737,0.130363104616602,0.992080106337866,-0.884845903307081,-0.00345330622638913
0.547333359718323,-0.272739171981812,0.118234081645787,0.100893213304471,0.323167177289724,0.780711730817954,-0.490572797366344,-0.107509321200656
1.80329632759094,0.246611714363098,0.369547564124233,0.0920973385363139,1.11406357387702,2.59165170788765,0.0469095340374437,0.413576632594662
0.49166151881218,-0.318412631750107,0.100254466346768,0.0975359366286139,0.294468560814858,0.685325956344605,-0.530961083024364,-0.1641029364095
1.33380484580994,0.114308811724186,0.291218347794154,0.0986110124952237,0.803801401952903,1.91043190956116,-0.094851242786243,0.28113156016484
0.178608596324921,-0.812295377254486,0.0928565706917275,0.251812059996205,0.0410635524429381,0.393010525157055,-1.38654349026118,-0.40559593753686
0.366251349449158,-0.466732919216156,0.127769858130266,0.172750028326264,0.13021295517683,0.629874276618164,-0.885346463273487,-0.200746871338555
0.393107444047928,-0.421418845653534,0.102589331520997,0.121426072496909,0.204025644684831,0.59871538678805,-0.690315313550113,-0.222779595864447
0.88535350561142,-0.0696383863687515,0.232923119462138,0.125808574243839,0.439616893728574,1.35842647254467,-0.356925646815792,0.133036134641776
1.58703482151031,0.195471540093422,0.242010590328455,0.0671432146789628,1.12498278915882,2.06553983688355,0.0511456121708719,0.315033419383282
0.600575149059296,-0.252748280763626,0.213183490300558,0.175101417292611,0.219388336067398,1.03941479424636,-0.658786603815462,0.0167888917544481
0.459946572780609,-0.369898319244385,0.163944298307287,0.180065648604528,0.15980679144462,0.795744106173516,-0.796406030299423,-0.0992265973925952
0.169545441865921,-0.822160363197327,0.0780446443964501,0.223641865975972,0.0459977821446955,0.340565220018228,-1.33726310820658,-0.467799714664601
1.29434132575989,0.106105819344521,0.204228457560896,0.0750949084023508,0.913241644700368,1.68748119572798,-0.0394142943056063,0.227238932001358
0.464312463998795,-0.350163847208023,0.123123360885563,0.126370029918653,0.22487424723804,0.711927348375321,-0.648060614131207,-0.147564357562661
1.77884340286255,0.246525347232819,0.235046648229921,0.0556883570708682,1.35512768129508,2.23915529052417,0.131980216710364,0.350084207530296
0.414117038249969,-0.41570982336998,0.148830364490791,0.179958450204143,0.140210539102554,0.720201514661313,-0.853219531625501,-0.142546382364875
0.434306383132935,-0.42665234208107,0.226752883568422,0.254114886908725,0.101290845995148,0.921823919812839,-0.994430020446686,-0.0353522799501564
0.552870213985443,-0.287455499172211,0.186891701535659,0.175007579843671,0.200678256774942,0.938311956822872,-0.697499731036818,-0.0276527585653503
0.10358839482069,-1.04135882854462,0.0493783113758982,0.238635035042553,0.0253838815260679,0.211002485329906,-1.59544551473443,-0.675712793713746
0.535615563392639,-0.287207931280136,0.140348513649989,0.121659836137136,0.272576011220614,0.818716673056285,-0.564512414804738,-0.0868663652992582
0.146894663572311,-0.88867461681366,0.0699959723290962,0.234486275324655,0.036935161271443,0.303963970392943,-1.43256168263247,-0.517177989755059
0.527793288230896,-0.292673349380493,0.125924299177727,0.125449163373626,0.287322512517373,0.769048466781775,-0.541630462770295,-0.114046291042493
0.4033522605896,-0.411295711994171,0.107055838050831,0.126493678984826,0.198726313685377,0.620929086208344,-0.701744635161103,-0.206957997788085
0.375061720609665,-0.478723734617233,0.172577225392226,0.230663298267258,0.0952859629566471,0.739140916367372,-1.02097114624553,-0.13127291916358
0.179525479674339,-0.803004622459412,0.0868642026422909,0.237583514638203,0.0442818659978608,0.373818911115329,-1.35377410428511,-0.427338981905146
2.06996965408325,0.310860633850098,0.320277491261333,0.0665991205176089,1.50040194690228,2.7222508251667,0.17620760617638,0.434928123825435
0.876014173030853,-0.0647119134664536,0.157182331853431,0.0802639659807048,0.579543112715085,1.19561258355776,-0.236914251037079,0.0775904772311974
1.11498808860779,0.0322021618485451,0.282893518044871,0.117734387947694,0.586504472295443,1.69480637113253,-0.231728672466387,0.229119881723273
0.530540466308594,-0.286262899637222,0.115229901534066,0.100415024408422,0.314330826203028,0.761565013726553,-0.502613042815063,-0.118293200206162
0.540633916854858,-0.288601726293564,0.161533205043764,0.142687194075321,0.237524361039201,0.872825918594996,-0.624292969642979,-0.0590723667176146
0.308418273925781,-0.541592121124268,0.106164882203666,0.17514872659865,0.110764680678646,0.521740710735321,-0.955598729576898,-0.282545482264183
1.40195190906525,0.134012877941132,0.330213913835288,0.107497310161206,0.784683474898338,2.08485330939293,-0.105305503154953,0.319075475096381
0.544878304004669,-0.306199580430984,0.223809384931262,0.206247871922583,0.157708132266998,1.03164618710677,-0.802145934624633,0.0135307699210016
0.512629568576813,-0.309500426054001,0.144640256396423,0.135477170968475,0.23859056395789,0.809608494242032,-0.622346739650562,-0.0917249439902587
2.20768690109253,0.340098261833191,0.294388762899478,0.0578525774008355,1.67278811136882,2.81514861186346,0.223440922029828,0.449501261124641
0.351435005664825,-0.47700908780098,0.105891352395031,0.150134760701312,0.149395275612672,0.567107200622559,-0.825663165339877,-0.246334838394145
0.7150958776474,-0.154189899563789,0.138142589780351,0.0880325496040725,0.44807012155652,0.994254435598851,-0.348654020309699,-0.0025024776732356
0.234069854021072,-0.680637836456299,0.103500693521906,0.22472483942786,0.0592970239929855,0.455819957951705,-1.2269688489789,-0.341206726402391
0.510124504566193,-0.303567856550217,0.112395366051097,0.101276159115592,0.295709281911453,0.735678007702033,-0.529135055744209,-0.133312230542867
1.01921617984772,0.00502679171040654,0.124640043365147,0.0532133352359449,0.780421325564384,1.25382745265961,-0.107670928004538,0.0982377745219681
0.154406145215034,-0.867507696151733,0.0733877261894651,0.236215194012769,0.0381892110531529,0.320308522383372,-1.41805935388917,-0.494431712527447
0.738061547279358,-0.14200721681118,0.155142897187866,0.0955629148845386,0.440694406380256,1.05826902985573,-0.355862489752564,0.0245959561215111
1.44827699661255,0.156043112277985,0.21597678782161,0.0648180176624219,1.05105092724164,1.89203651944796,0.0216237334207478,0.276929502959971
0.539209306240082,-0.28408870100975,0.138006656446455,0.122492038847636,0.27774218916893,0.809820408125719,-0.556358397569981,-0.0916113357071806
0.654894411563873,-0.191944658756256,0.122088724655127,0.0863924123710574,0.416372686624527,0.894293441871802,-0.380517767243411,-0.0485199551895674
0.251888036727905,-0.652346789836884,0.115244691193016,0.232461469146782,0.0651752767463525,0.502157774070899,-1.18591716534446,-0.299159935795521
0.53070992231369,-0.2911337018013,0.137794587350878,0.121948299465223,0.270171180119117,0.811377923190594,-0.568361007181343,-0.0907769036267092
0.841427266597748,-0.087377056479454,0.193616311034108,0.106749070574167,0.471874341120323,1.23658594389757,-0.326173684224715,0.0922243042334853
1.29096722602844,0.0945672988891602,0.338265040672242,0.123534779303055,0.650837252537409,1.99045255084833,-0.186527643474867,0.298951828428062
0.319244980812073,-0.520953178405762,0.101353012041956,0.156020854772518,0.130815182998776,0.527882408102354,-0.88334208138658,-0.277462819132768
1.58038580417633,0.193230882287025,0.252567960497443,0.0695589602363218,1.12968618273735,2.09889125029246,0.0529577177234936,0.321989878465558
0.21360844373703,-0.715499818325043,0.0898646972949283,0.213044233637999,0.0592058624451359,0.408859138935804,-1.22763529661153,-0.388426291798347
0.441607177257538,-0.404977113008499,0.196043753234496,0.224518392628771,0.115716438864668,0.877387842535973,-0.936605341573694,-0.0568083899663224
0.857761323451996,-0.0888095423579216,0.258755836513133,0.145617328623878,0.377045721560717,1.3859170049429,-0.423606757479093,0.141737032551584
0.558400809764862,-0.303168505430222,0.248484585756477,0.223982965792909,0.143001710623503,1.09855875372887,-0.844659226785587,0.0408232841854512
0.206266582012177,-0.741138517856598,0.096583072475456,0.236951298000739,0.0500376298713187,0.422034265100956,-1.30070331076254,-0.374652287098012
0.148624494671822,-0.884840846061707,0.0721666328192963,0.236378924372033,0.0380178226778905,0.313442395875852,-1.42001282984078,-0.503842616363877
0.432188630104065,-0.420233070850372,0.202878343770834,0.237167931228179,0.104246387382348,0.888330941895644,-0.981938998455177,-0.0514252120675631
0.0870155096054077,-1.12306725978851,0.0440710573434396,0.248930940091958,0.0198762103759994,0.186046672984958,-1.70166894813373,-0.730378093754218
0.41652899980545,-0.403917700052261,0.128461054547099,0.150514378348761,0.177037941664457,0.675871440271537,-0.751933648471656,-0.170135912350822
0.73822408914566,-0.138723358511925,0.124725782348363,0.0810352899711648,0.486106436202923,0.973920345306396,-0.313268665927138,-0.0114765616106208
0.775666773319244,-0.140206426382065,0.267176361297969,0.171256785032111,0.290379542609056,1.3237647652626,-0.537034248472675,0.121810733312959
0.555346488952637,-0.27652370929718,0.164285440196673,0.141050727469615,0.251761412620544,0.894825013975303,-0.59901084549395,-0.0482618960365368
0.637839734554291,-0.215434029698372,0.183570677748174,0.138490565066847,0.286616696168979,1.01704909205437,-0.542698760978198,0.00734189144774086
0.614401638507843,-0.233933329582214,0.18709313435642,0.145938594046174,0.265431023140748,0.988316248854001,-0.576049814061313,-0.00510406533542187
2.04727482795715,0.306221544742584,0.315417983366478,0.0654086356671138,1.49067294597626,2.67146311601003,0.173382369584305,0.426749169903481
1.34308660030365,0.115971617400646,0.309765859269466,0.104917778104156,0.781835775077343,1.97678659160932,-0.10688453195162,0.295959602122185
1.00510776042938,-0.00392050761729479,0.1671243724451,0.0737123309177082,0.692309388518333,1.34669233163198,-0.159699809038547,0.129268383639627
0.456853747367859,-0.373402625322342,0.163623864909796,0.18227352097434,0.152960842847824,0.796819401284059,-0.815419835268293,-0.0986402325811184
0.14857029914856,-0.884200394153595,0.0708413665466877,0.236561573208161,0.0371504775558909,0.305512871344884,-1.4300374922638,-0.514970551679977
0.766314327716827,-0.123949900269508,0.146151265639066,0.0871233055496934,0.488235437124968,1.0573301076889,-0.311370714188813,0.0242105933282347
0.316279977560043,-0.532711029052734,0.114015995794297,0.179694382908894,0.108737192551295,0.554671794176102,-0.963622135997403,-0.255964124742579
0.236876726150513,-0.661229610443115,0.0883490633238759,0.1898014170539,0.07835975078245,0.420134423673153,-1.10590699811832,-0.376611773692478
0.320716053247452,-0.528299570083618,0.118638567654584,0.183990243141883,0.108616157621145,0.560695969561736,-0.964106387783679,-0.251272614014462
0.513005435466766,-0.304514676332474,0.123488918894194,0.120055927379186,0.281335514783859,0.759183424711228,-0.550776004534145,-0.119653414813584
0.673981666564941,-0.185381054878235,0.163988056777615,0.114124893244049,0.361021139721076,1.00472023586432,-0.442467577586781,0.00204513762588319
0.3812495470047,-0.478870958089828,0.185927702942164,0.246088648546416,0.0866989330699046,0.798481498658657,-1.06198660737644,-0.0977352229400073
0.690091133117676,-0.171145588159561,0.144262863678123,0.0955198976558602,0.413707706580559,0.98150270730257,-0.383306461956147,-0.00810850189790606
0.357360899448395,-0.468055367469788,0.105105950525014,0.141982113088577,0.157515844702721,0.56811474064986,-0.802675796217325,-0.245564217678097
0.825149238109589,-0.0947340726852417,0.183005303006386,0.101069920213488,0.485740551849206,1.19337015450001,-0.313595705022211,0.0767751637984402
0.224518805742264,-0.687902390956879,0.087730590504304,0.197947231032446,0.0711013407136003,0.411214240640402,-1.14812232067179,-0.385931961537759
0.495472997426987,-0.339845657348633,0.185755542070467,0.18470580562166,0.167414463932316,0.882252912223339,-0.776207045659602,-0.0544069490360833
0.777005910873413,-0.122641235589981,0.181204600649943,0.110920355875747,0.43399797603488,1.14016290605068,-0.36251237815831,0.056966902671921
0.927646577358246,-0.0368252210319042,0.127405205331468,0.0611061713025828,0.684683149059614,1.18108851710955,-0.16451036061389,0.0722824470720761
0.280229419469833,-0.57353276014328,0.0819959905323067,0.14186694828158,0.125932558377584,0.444995342691739,-0.899861974332266,-0.35164453944944
1.08983862400055,0.032094307243824,0.167752281693633,0.0683167597226989,0.776859564582507,1.42408629357815,-0.109657507712341,0.153536295459193
0.335584968328476,-0.496785581111908,0.101079880744721,0.148274533006096,0.147706361984213,0.54078371822834,-0.830600815254582,-0.266976408848168
0.461271971464157,-0.349343657493591,0.10907063539926,0.111360737557958,0.255211215962966,0.67537770519654,-0.593100248357998,-0.170453283241354
0.963793337345123,-0.037909209728241,0.289283590565477,0.144831332998524,0.423492100338141,1.56708878775438,-0.373155004387221,0.195093589252559
0.794272422790527,-0.124148607254028,0.249617686603407,0.151870683846151,0.335666152834892,1.29751416444778,-0.474093626559202,0.113112105989633
1.02390384674072,-0.00215430790558457,0.21779168056832,0.116929796105275,0.616700118283431,1.45243537624677,-0.209926067256105,0.162096817853315
0.677404224872589,-0.182903334498405,0.146693696827343,0.126910319814683,0.402839363863071,0.950531478226185,-0.394868164263499,-0.0220335135649944
0.284483700990677,-0.574132144451141,0.0962226691006957,0.165368270958061,0.108435161411762,0.483668648203214,-0.964830065715592,-0.315452063028745
0.316979199647903,-0.521221339702606,0.0951281372833094,0.1460535006744,0.13674122368296,0.505538978676001,-0.864100609434493,-0.29624536792376
0.964314460754395,-0.0217431206256151,0.157840241930368,0.0727157428674596,0.662775170306365,1.28784007032712,-0.178633802747111,0.109861919983109
0.202284246683121,-0.725992739200592,0.0720805588600119,0.177478564270958,0.0746574011941751,0.353137861688932,-1.12692729882947,-0.452055805631901
0.748057961463928,-0.142016485333443,0.195573422667911,0.121503716643271,0.391838129113118,1.15719781517983,-0.406893368553548,0.0634075723505385
1.61160564422607,0.204782366752625,0.168380211162566,0.0474551504437361,1.2882052441438,1.90742361545563,0.109985035364651,0.280447155250591
0.997636616230011,-0.0389671102166176,0.372800895721358,0.199276223961409,0.287709342191617,1.75290206869443,-0.541046452059133,0.243757458200415
0.479787170886993,-0.328453958034515,0.0951377997104959,0.0947417070139587,0.296155103544394,0.665063566466173,-0.528480818550797,-0.177136844245959
0.186028674244881,-0.781025111675262,0.0830964848988975,0.22514256755439,0.0488443592873712,0.370746844261885,-1.31118604771857,-0.430922717386717
0.242187261581421,-0.656730830669403,0.095810450494648,0.203137599114172,0.0720309296622872,0.43977611809969,-1.14248277507012,-0.356768372692211
1.91944646835327,0.276611357927322,0.331381138898321,0.0761332475092964,1.30899552504222,2.60824012557666,0.116938161427525,0.416347568946925
0.427573829889297,-0.385098427534103,0.109886963728932,0.123509215846737,0.211393692096074,0.645708218713602,-0.674908194104763,-0.189963834313582
0.592345356941223,-0.245083227753639,0.160904474017843,0.128670882155775,0.284476007769505,0.925973444183668,-0.545954361528915,-0.0334014682666347
0.576718032360077,-0.249157786369324,0.11787046655142,0.0982151394309988,0.353387056787809,0.8073917294542,-0.451749361644331,-0.0929157318970517
0.209661692380905,-0.722470045089722,0.0862365877090863,0.211801903572457,0.0605408693353335,0.391413004696369,-1.21795135168584,-0.407364763176307
0.60164600610733,-0.268231689929962,0.257379601904777,0.220546455815316,0.156784244502584,1.17126269439856,-0.804699132308263,0.0686542863365137
1.2963033914566,0.108564309775829,0.180018586434294,0.0600676277778439,0.960524862507979,1.65437347193559,-0.0174913949211737,0.218633518915256
0.192805230617523,-0.762842535972595,0.0845857865975305,0.218195612921852,0.0531156399287283,0.378204624354839,-1.2747794587339,-0.422273192997049
0.757384955883026,-0.127553358674049,0.130529614488302,0.0790850127532655,0.508604491750399,1.01247262159983,-0.293619808755096,0.00538326871980463
0.556987226009369,-0.268658816814423,0.138030273786413,0.115865518615414,0.290880740433931,0.834690515697002,-0.53628549419842,-0.0784745215637594
1.09093618392944,0.0274534188210964,0.232511310840628,0.0966631027407731,0.643979287644227,1.55478161772092,-0.191128106809681,0.191669360120245
0.631134867668152,-0.208576679229736,0.122819975141357,0.0887930214733934,0.398704407612483,0.876977177957694,-0.399348974404958,-0.0570117093910636
0.2530377805233,-0.66146045923233,0.12941240151281,0.254862276616551,0.0563700762577355,0.5542311668396,-1.24895341586245,-0.256309055591198
0.197092518210411,-0.763734400272369,0.0960634222476547,0.240970909137672,0.0472173377250632,0.423291588326295,-1.32589858324507,-0.373360378133412
0.439835697412491,-0.374090939760208,0.118340758159433,0.127703123906886,0.212833792095383,0.672410213450591,-0.67195956659462,-0.172365710725972
0.532101392745972,-0.291045665740967,0.142114532265974,0.126322706904908,0.261748468130827,0.821504543224971,-0.582115898814967,-0.0853901242416035
0.250545084476471,-0.635832965373993,0.0920199514312161,0.186347429007294,0.0851792074739933,0.440064393728972,-1.0696666326024,-0.356483856457333
0.467644870281219,-0.343381822109222,0.109654894395082,0.111941554901826,0.254771654804548,0.680406694114208,-0.593849217130783,-0.167231423477339
0.276051640510559,-0.591622173786163,0.0963396247208869,0.183780433217079,0.0930170169721047,0.467639138549566,-1.03143872839367,-0.330089148298587
1.12175095081329,0.0421097055077553,0.209726539891754,0.0831826108617815,0.736575123667717,1.55590434670448,-0.132782957061036,0.191982893453659
0.74238783121109,-0.147725373506546,0.204690248529166,0.131559767921242,0.35198230817914,1.1589158107837,-0.453479522788123,0.0640518678285797
1.09719347953796,0.0247822161763906,0.282893939437349,0.119469333800172,0.563365169366201,1.67428286075592,-0.249210007227118,0.223828801696054
0.976780474185944,-0.0256847441196442,0.253974978608443,0.11909157102719,0.507613083223502,1.47971443434556,-0.294467784164984,0.170177909921651
0.747440874576569,-0.143024012446404,0.196569195407434,0.124982478731747,0.378273121764263,1.15286098321279,-0.422194588416627,0.0617769302826339
1.28397250175476,0.104855358600616,0.162070706363107,0.0583432245951095,0.982250356674194,1.59928737183412,-0.00777780969324601,0.203926504140887
1.38042676448822,0.136079668998718,0.183872245020426,0.0589401436903785,1.02594163020452,1.74780563910802,0.0111226242355019,0.242493123653298
1.19508326053619,0.06950843334198,0.22369771123987,0.0839806960653004,0.768298222124577,1.64863676130772,-0.114470407898008,0.217124970513227
1.45550835132599,0.157510221004486,0.234581228759759,0.0692118824400072,1.04423490564028,1.92787523170312,0.0187982031023691,0.285078913867777
1.20478713512421,0.0772086009383202,0.152878635357421,0.0580153969260145,0.910008794565996,1.49904287060102,-0.0409547049282366,0.175814052586603
1.55969429016113,0.187359973788261,0.252659716184262,0.070536620523786,1.08677690227826,2.08398343523343,0.0361403992894253,0.318894261141303
0.977863073348999,-0.0214541796594858,0.221088023162109,0.103176939412337,0.556884802381198,1.42414769927661,-0.25423482326254,0.153555031021375
0.303464412689209,-0.547161638736725,0.103773102744626,0.168856371361775,0.113427859296401,0.514275728166104,-0.945280264460859,-0.288804070595525
0.527745366096497,-0.289945393800735,0.122016471433152,0.106215096799468,0.296501987427473,0.77170330286026,-0.527972494868158,-0.1125496409825
1.17479228973389,0.0666269659996033,0.138601863004327,0.0564647546204715,0.907993832727273,1.43815820316474,-0.0419171125558946,0.157806659963951
1.77165389060974,0.236596584320068,0.40856935417328,0.102603864629014,1.04636151194572,2.63324389457703,0.0196813445566815,0.420491069951078
1.29337728023529,0.103756405413151,0.243357156587289,0.084390153451318,0.835717204709848,1.79146690964699,-0.0779407054816654,0.253208790040849
1.08874130249023,0.0012217735638842,0.40981091084535,0.188340973384373,0.354922403395176,1.95945853491624,-0.449867334712947,0.292135975714609
1.58121252059937,0.191196411848068,0.295901345720257,0.0832228008251998,1.02972283264001,2.19659093022347,0.0127203425709916,0.341749181720491
0.759036839008331,-0.12717293202877,0.136368049688791,0.0821152126812258,0.497105096032222,1.03634972671668,-0.303551786520563,0.0155063148163724
0.266900599002838,-0.613341450691223,0.104912789285859,0.199280953513396,0.0853908266872168,0.486291783551375,-1.06858888497537,-0.313103082376344
1.2685512304306,0.0990867465734482,0.17869685591788,0.0605707390732187,0.937535258630911,1.61357721189658,-0.0280123906776623,0.207789748148029
0.567604959011078,-0.256384909152985,0.120531287140379,0.0973992494589216,0.335167964547873,0.808120882014434,-0.474737507251103,-0.0925236778184582
0.236910566687584,-0.657051265239716,0.0839562396672118,0.176177748563171,0.0825772566720843,0.410221981008848,-1.08313984597102,-0.386981229686053
0.729938089847565,-0.149638161063194,0.174625400686794,0.108217474953336,0.406585427870353,1.08191276888053,-0.390848239540421,0.0341922462483658
0.106644630432129,-1.03692603111267,0.0568995251969984,0.250272498036005,0.0251795197837055,0.234232975294193,-1.59895273102337,-0.630352258087993
1.28618490695953,0.097479909658432,0.29414387583361,0.103173969664073,0.739324510594209,1.90328719516595,-0.131164965063651,0.279504325504547
0.597696602344513,-0.231259256601334,0.110686620600549,0.0831700562637118,0.389212362468243,0.816683160761992,-0.409813378479638,-0.0879463992229075
0.14877462387085,-0.886832296848297,0.0737564723157025,0.240993494411962,0.0375014694718023,0.313638978203138,-1.42595174139225,-0.503569977724959
1.18472671508789,0.0663722008466721,0.215948170551479,0.0800263132559755,0.790944551428159,1.60876664717992,-0.101854054694553,0.206493005844499
0.823375701904297,-0.0897926017642021,0.127785791029068,0.0691805427967965,0.573497880001863,1.08033704658349,-0.241468365962605,0.0335592690372033
0.495374172925949,-0.31491494178772,0.0982241521096765,0.0983503328504515,0.31123188684384,0.684964641928673,-0.506915970733288,-0.164331854540243
0.797666668891907,-0.107063330709934,0.157855352164139,0.0893780882925375,0.500206753611565,1.11230757435163,-0.300850450766189,0.0462248862627349
1.27551257610321,0.0993500724434853,0.212407210721785,0.0758563991438302,0.871464541554451,1.70918575028579,-0.0597502800850875,0.232789225365805
0.709083735942841,-0.157643467187881,0.134664248608056,0.0871731400713395,0.456314573685328,0.980381100376447,-0.340735661330223,-0.00860508168347726
0.302921265363693,-0.534466028213501,0.0780713314252158,0.121231861724152,0.155198159441352,0.459500778466463,-0.809115883618734,-0.337713751426821
0.737606525421143,-0.13905331492424,0.129074254516693,0.078332663748907,0.488145165642103,1.00332303742568,-0.311451011454295,0.00144077646117042
0.605266690254211,-0.259571969509125,0.242297393723489,0.205131905179724,0.175150749708215,1.11144041717052,-0.756589237945823,0.0458861821376636
0.252824246883392,-0.621578633785248,0.0795711308110912,0.152965304732368,0.105242462580403,0.409460073957841,-0.977809078589743,-0.387788440238408
0.435879409313202,-0.369561314582825,0.0824885874633843,0.0937346902903351,0.275023985405763,0.594912757972876,-0.560629429517391,-0.225546721051592
1.41798794269562,0.14065620303154,0.315552312677069,0.0992731469014187,0.842648989955584,2.06367508570353,-0.074353520214816,0.314641165584617
