PHI,log10.PHI,Std.Dev,log10.Std.Dev,0.025,0.975,log10.0.025,log10.0.975
0.492794036865234,-0.323404878377914,0.125882017157848,0.123682093026486,0.246260989209016,0.738368522127469,-0.608610266294279,-0.131732739041371
1.65072190761566,0.212309405207634,0.270452679686125,0.0671848242526305,1.26016527911027,2.3437369287014,0.100427298312029,0.369908575099283
1.13808619976044,0.0506488755345345,0.187544032728032,0.0685304034931402,0.84564377417167,1.56251732707024,-0.0728125668536638,0.193824822159425
0.395808219909668,-0.415404945611954,0.0928028411447143,0.109006670240291,0.224377213418484,0.578842853009701,-0.649022506837978,-0.237439324998141
1.0787239074707,0.0277388542890549,0.168712808784552,0.06681432231228,0.804389185210069,1.4573264837265,-0.0945346093010792,0.163556846301674
1.38812303543091,0.137992024421692,0.203883040411699,0.0614482442843922,1.07656074265639,1.86776871283849,0.0320382265514158,0.271321077793952
1.13471186161041,0.0500872097909451,0.171439409986586,0.0642891481340788,0.857384554545085,1.48303665121396,-0.0668244031996106,0.171150309885209
0.81096887588501,-0.096120297908783,0.12466440749427,0.0669228570373076,0.589004352688789,1.07733146150907,-0.229881692406053,0.032349176321966
1.08504390716553,0.0305426567792892,0.166592118732364,0.0648452362211947,0.821460138758024,1.45409511824449,-0.0854135485960309,0.162592468043459
1.95468294620514,0.285579979419708,0.326331333768383,0.0678289783635443,1.49339327613513,2.70954419374466,0.174173874415208,0.432895742082753
2.16515135765076,0.330289512872696,0.348178128925923,0.0662146954046715,1.66864631275336,3.02278055349986,0.222363155884748,0.480405449910555
0.533503472805023,-0.281181693077087,0.102614547556132,0.0863810843929403,0.348593740165234,0.751329863568147,-0.457681507146088,-0.124169367502014
0.553448379039764,-0.2668277323246,0.117041301925876,0.0938636468448954,0.344840471198161,0.798483677208424,-0.462381772646734,-0.0977339823930469
0.331184267997742,-0.489815890789032,0.0650573641713239,0.0989753610199445,0.213773834705353,0.459143021951119,-0.67004565263612,-0.338052558357083
2.05171871185303,0.306397616863251,0.350955661921951,0.0691484145178567,1.55934045116107,2.82315510312716,0.19294086447603,0.450734737858501
1.00118231773376,-0.00491484580561519,0.159983338078915,0.0685847348336854,0.74334843258063,1.3626946469148,-0.128807671543855,0.134397131095702
0.37029430270195,-0.448411881923676,0.1003144359179,0.124710515211844,0.189628171672424,0.585680845379829,-0.722124273008385,-0.232339020216471
0.399541288614273,-0.404895216226578,0.0680790158855483,0.0756947539930304,0.274656515071789,0.53747714360555,-0.561211903751483,-0.269642117911088
0.356154680252075,-0.45789435505867,0.0666506631028192,0.0989707172533735,0.232160248731573,0.488520705948273,-0.63421237965292,-0.311117034997336
1.30752623081207,0.110989473760128,0.215620811739618,0.0679526490839302,0.976365903019905,1.80559452076753,-0.0103875889157392,0.25661963231953
0.857686996459961,-0.0708099529147148,0.118958870032108,0.0599698966319475,0.653820539514224,1.11353485286236,-0.18454151909818,0.0466998841901404
0.703415155410767,-0.158499017357826,0.114570922251658,0.0705782880211147,0.497008782873551,0.948497001330058,-0.30363632841175,-0.0229652389310207
0.131560474634171,-0.917428374290466,0.051283543806248,0.188098914549427,0.0453717738389969,0.236288591971,-1.34324720416934,-0.626558016317715
1.10785067081451,0.0382234826683998,0.188685918565702,0.0739294550094972,0.766092294454575,1.52200233638287,-0.11571896110162,0.182415318000214
0.260919988155365,-0.597012162208557,0.0585263699303698,0.117813753626045,0.138522598395745,0.36703090518713,-0.858483697842234,-0.435297365929572
1.85011529922485,0.26225346326828,0.289622087366855,0.064644176365773,1.42668683826923,2.57095050414403,0.154328461080115,0.410093672314945
0.56683611869812,-0.251865088939667,0.0883662889231033,0.0683753199373707,0.409751429160436,0.750784814357758,-0.38747967345511,-0.124484538317184
1.07047915458679,0.024541512131691,0.165909520069401,0.0658193627806836,0.798989431063334,1.42700352867444,-0.0974601223273374,0.154424399350639
0.855389654636383,-0.0732041895389557,0.134780558159581,0.0684654808815729,0.615610043207804,1.13691538770994,-0.210697279174714,0.0557279954671684
0.376724421977997,-0.435734868049622,0.0864929084005248,0.102537940791216,0.222538376227021,0.559406691789627,-0.652595427595388,-0.252272430999817
0.159427061676979,-0.828850626945496,0.0570151549646871,0.173742096218605,0.0578002515559395,0.285283866524696,-1.23807549224961,-0.54472321906187
0.635130643844604,-0.203197672963142,0.105781242350884,0.0729495400877467,0.440957063188155,0.85405998279651,-0.355603698619496,-0.068511626718872
0.579062283039093,-0.241782248020172,0.0825873074032264,0.0630968474175279,0.432619981964429,0.742053611576557,-0.36389344215642,-0.129564717921638
0.177344441413879,-0.788035750389099,0.0683130447879892,0.189712435436144,0.0589921905348698,0.331605708102385,-1.22922095132874,-0.479378228488065
0.92293906211853,-0.0392914935946465,0.13217868755266,0.0624885734901336,0.689539158840974,1.19990582068761,-0.161441294149936,0.0791470838632666
0.540308654308319,-0.272350072860718,0.0774222957703582,0.0688903723424638,0.410264992217223,0.695372810463111,-0.386936791652195,-0.1577823908234
1.62960910797119,0.207531854510307,0.243426307915532,0.062115992712348,1.26407909989357,2.21981172362963,0.101774249758083,0.34631613675366
1.37339091300964,0.132975727319717,0.207902577245494,0.0644043897117657,1.03275405565898,1.85583470662435,0.0139968033490766,0.268537598688539
0.26212540268898,-0.603803038597107,0.0735104163348559,0.155538710231881,0.117460320082804,0.404372622321049,-0.930109079634162,-0.393220968416381
0.289342492818832,-0.555648982524872,0.0757318004776962,0.128874016112837,0.14716724169751,0.436276173343261,-0.832252610273475,-0.360238703723718
1.12644910812378,0.0476782023906708,0.15298836606648,0.059544023982438,0.883586540818214,1.43103821178277,-0.0537509205173307,0.155651210046481
2.28605937957764,0.35400202870369,0.368185938177647,0.0651399974769897,1.77570903301239,3.15377866625786,0.249371803948405,0.498831107451344
0.401411890983582,-0.407886475324631,0.0818904167322583,0.110720423085263,0.251620245973269,0.569131555656592,-0.599256907757267,-0.244788260089665
2.29350352287292,0.355217933654785,0.376391610272193,0.0663797732471521,1.77518934508165,3.21008177598317,0.24924468036107,0.506515737711744
0.300679355859756,-0.531102001667023,0.0606286377436029,0.0908780939609832,0.186462701484561,0.421376354495684,-0.729409145656588,-0.375329841496378
2.27835178375244,0.352261811494827,0.37360250825719,0.0671119324582079,1.74343844056129,3.12897813121478,0.241406556892826,0.495401983877095
0.694031119346619,-0.192775830626488,0.270617714050392,0.17911669002698,0.262952328970035,1.29521595637004,-0.580123418104438,0.112342185088699
1.45336186885834,0.150006234645844,0.364781552880236,0.102977433250965,0.861366299788157,2.23478604356448,-0.0648153666371764,0.349235907479396
0.544660627841949,-0.268028616905212,0.0738185678330996,0.0610480314026359,0.405904604991277,0.689781719942888,-0.39157603352585,-0.161288820145032
2.08416414260864,0.313528776168823,0.344307988461144,0.0672798129702098,1.60449134806792,2.95696577231089,0.205337345069858,0.470843864052943
0.489112734794617,-0.347353279590607,0.191772470650287,0.189589913135271,0.172862996409337,0.915858242412408,-0.762298992440703,-0.0381763994047808
1.81816816329956,0.254693299531937,0.282968463360427,0.0647414146792426,1.39700283507506,2.5241268714269,0.145197133377626,0.40211044900093
0.183279648423195,-0.763159036636353,0.059954186146407,0.158698243213973,0.0760118467112382,0.305366160472234,-1.11912174484025,-0.515179158858513
0.250178933143616,-0.630071938037872,0.0862418280665803,0.163351431050978,0.100841614293555,0.429393821706374,-0.996361608341996,-0.367145729286685
0.342225551605225,-0.481109827756882,0.0656809537063792,0.149011987218766,0.223561851431926,0.459279408305883,-0.650604101240106,-0.337923891029121
0.215428069233894,-0.69425904750824,0.0724834882600146,0.162535715763151,0.0790462631111344,0.368054740627607,-1.10212597338672,-0.434087806503688
1.60850262641907,0.201394960284233,0.253867938745963,0.0651956436109963,1.22830642461777,2.17620167732239,0.0893067067910764,0.337699128120018
0.335788309574127,-0.483671069145203,0.069095998979981,0.0939195708698385,0.210682556654016,0.472254253923893,-0.676376013056272,-0.325826936738749
1.43250644207001,0.147683963179588,0.287326782331297,0.0852249362834816,0.98147569000721,2.09194144407908,-0.00812061320794713,0.320549321127578
0.909644663333893,-0.0456321090459824,0.132077208256877,0.062486889328322,0.690629363059998,1.19298717876275,-0.160754960965082,0.0766351371994576
1.12504613399506,0.043224710971117,0.218295433973488,0.0829265196415744,0.755054365098476,1.62981941699982,-0.122022572743304,0.212139482409076
0.259390026330948,-0.597526848316193,0.0573577576414181,0.102779986405949,0.145518902316689,0.373004876822233,-0.837080845560208,-0.428285647450967
0.0884786546230316,-1.1019139289856,0.0399761854722973,0.216651618684078,0.0257091197495659,0.18156390786171,-1.58991416611911,-0.740970489459749
1.45751559734344,0.158448830246925,0.230775176829065,0.0663744590900224,1.10239772101243,1.98261280159155,0.0423380747028992,0.297234513458798
0.56390643119812,-0.257067114114761,0.106582771579715,0.087108605963045,0.371409115940332,0.78608972877264,-0.43014845721486,-0.104534929502825
1.2021815776825,0.0750925987958908,0.183635899595511,0.0646873286551358,0.907042912642161,1.61226661205292,-0.0423723473090633,0.207436696532916
1.90235126018524,0.274111241102219,0.30351160014858,0.0662849946086099,1.4364491134882,2.63430980642637,0.157290229599655,0.420666692597876
0.522302269935608,-0.291107535362244,0.105167563745207,0.0896036214735777,0.325531113396088,0.728689205646515,-0.487407556454026,-0.137457769431705
0.496106564998627,-0.318392872810364,0.122186247131383,0.112961102961548,0.265442606806755,0.75295209189256,-0.576029562749835,-0.123234128867867
1.020911693573,0.00387685117311776,0.158410572099901,0.0665188073872623,0.754813564320405,1.34719350039959,-0.122160370902159,0.129429977506625
0.229950860142708,-0.653306722640991,0.0563009451925497,0.119915055568777,0.120502889342606,0.339928874621789,-0.919002554856446,-0.46861233891253
0.874421775341034,-0.0649513900279999,0.154289124692552,0.0763002377776188,0.605892540017764,1.22046549816926,-0.217610126309523,0.0865211853642742
0.62272310256958,-0.213845998048782,0.120361920059327,0.0847296553865488,0.408443294217189,0.894447655479113,-0.388868630912283,-0.048446124647673
1.19771564006805,0.0733421742916107,0.184109845071241,0.0658210890183644,0.888585643470287,1.60269653101762,-0.0513044489191257,0.204851256903359
0.195615351200104,-0.738207876682281,0.0678702944427188,0.169020079457493,0.0767797877391179,0.338796197871367,-1.1147534289372,-0.470061506730946
0.974862575531006,-0.0162938348948956,0.153176768952321,0.0673061881946939,0.724099729955196,1.31305474440257,-0.140201620181298,0.118282823436313
0.43863245844841,-0.363103806972504,0.0673676107369654,0.0677549995329758,0.312921546896299,0.578522711495558,-0.504564534192963,-0.237680854648338
0.598276495933533,-0.228166133165359,0.0907846914187319,0.0667834333927294,0.435978583743175,0.778827201823393,-0.360534923091044,-0.10855890383841
1.8312361240387,0.251511305570602,0.451686911950336,0.0970977212982629,1.13811665475368,2.71355300148328,0.0561865775727267,0.433538307853991
0.604945063591003,-0.227650657296181,0.124561976593198,0.0910950422686067,0.375832783182462,0.886449578901132,-0.425008346759206,-0.0523461633530177
0.42787691950798,-0.374245285987854,0.0669069591867259,0.0707961146691233,0.303941568483909,0.557358337938786,-0.517210326668051,-0.253865724073325
0.343849986791611,-0.477649331092834,0.0858158583650694,0.112322751955827,0.193895919372638,0.517904637257258,-0.71243140667918,-0.285751944075703
0.691557943820953,-0.164517104625702,0.0977562487737898,0.061643014989627,0.51210367033879,0.905538850526015,-0.290642405001603,-0.0430929449336182
2.1228928565979,0.321797758340836,0.345139793428497,0.0653239434771426,1.63592947820822,2.92159396807353,0.213764564939681,0.465618849528708
0.807518780231476,-0.0991800427436829,0.13847527200719,0.0743547936948209,0.55612691839536,1.12357406417529,-0.254826197041788,0.050600694045036
0.207259103655815,-0.704689800739288,0.0619322312408776,0.141068025611754,0.0914122312019269,0.33771232565244,-1.03899653111047,-0.471453635982711
0.347507476806641,-0.466546058654785,0.0632616071473351,0.0821230607328186,0.223015511780977,0.482450597236554,-0.651668168596107,-0.316547216057489
0.747716426849365,-0.131334543228149,0.113774958468807,0.0667782838503639,0.551618601878484,0.989624991516272,-0.25836110791615,-0.00452988860665644
0.317401647567749,-0.509101331233978,0.0675156086407646,0.0997540507850507,0.18393691778183,0.451434677342574,-0.735332205140435,-0.345405113008465
0.310103714466095,-0.515210330486298,0.0531799512548114,0.0777263034530972,0.208081898341576,0.416815351198117,-0.681766449683199,-0.380056320025592
2.38752698898315,0.370693981647491,0.482585909982749,0.0770580299216811,1.74589621524016,3.35573543906212,0.242018374482778,0.525787667097229
0.911839127540588,-0.0474905706942081,0.169298304871707,0.0804129207785384,0.616750736534595,1.26717253625393,-0.209890734581234,0.102834942908683
0.664745628833771,-0.183149039745331,0.108528819157447,0.0713323957871461,0.477797618011634,0.897375240921974,-0.320756034680203,-0.0470259238442897
2.26764178276062,0.350117802619934,0.379971275718383,0.0673761502718004,1.73835417628288,3.22154067357381,0.240138212994292,0.508061751781719
0.378526955842972,-0.431209623813629,0.0735954064437909,0.0942773886064668,0.232562633727988,0.52519737581412,-0.633464306649442,-0.279677487972242
1.77280473709106,0.243867188692093,0.272729734229951,0.0636745848693372,1.36380632917086,2.43002153237661,0.134752630522216,0.3856099578324
0.668833613395691,-0.190134644508362,0.173502316692369,0.118663547913075,0.360520661373933,1.03225469986598,-0.443069964944235,0.0137868688946002
0.576452732086182,-0.247879832983017,0.114445031664346,0.0873915143469906,0.372991603116194,0.828923512001832,-0.428302700831018,-0.0814858327538495
1.20174992084503,0.0741449296474457,0.199523795084941,0.0695731176274537,0.881298824648062,1.67020527323087,-0.0548782191444203,0.222767980228132
1.11159765720367,0.041342344135046,0.164213531095438,0.0629972591951108,0.852339774866899,1.48529665768146,-0.0693874677902919,0.171811428469588
0.396806746721268,-0.416569143533707,0.0999322408350389,0.119129489159383,0.210542357092102,0.585335652530193,-0.676662449872351,-0.232595051650202
0.173461467027664,-0.783238887786865,0.0527946516214024,0.145376908220492,0.0775860063110789,0.279481230427821,-1.11021701800936,-0.553648843500962
0.539154827594757,-0.273853152990341,0.0858869078575922,0.0699613531644519,0.383284759769837,0.719915583233039,-0.416478568497461,-0.142718465645
0.171271651983261,-0.796909987926483,0.0604561541373468,0.171461089210758,0.0635680270691713,0.297578095148007,-1.19676162642713,-0.526400146289566
0.769829571247101,-0.120302245020866,0.134259385728761,0.0768931517018229,0.527867876986663,1.03492633998394,-0.27747476677501,0.0149093841036658
0.287290155887604,-0.561327934265137,0.0830560235657104,0.136043673465711,0.13890218945841,0.467159509410461,-0.857295013445982,-0.330535926805722
0.329610288143158,-0.498241305351257,0.086407662232673,0.123338225739922,0.170402556161086,0.500976976752281,-0.768526017281747,-0.300189411215551
0.552526593208313,-0.264599353075027,0.0978474557132806,0.0784828128148498,0.373619206994772,0.762377439936002,-0.427571483291492,-0.117834774200871
1.31877255439758,0.112365588545799,0.251884110927267,0.082495990758709,0.878180095056693,1.90168802142143,-0.0564164228743284,0.279139136307705
0.555007338523865,-0.26786944270134,0.128038447500148,0.104997646789351,0.307970782617728,0.822381169100602,-0.511494240922776,-0.0849268427230767
0.321832567453384,-0.504742980003357,0.0742944782805126,0.106490278808031,0.185425278668602,0.482121874640385,-0.731831064619706,-0.316843413574761
0.657587349414825,-0.189934074878693,0.125568994770435,0.0831500097660359,0.441110360622406,0.905752099553744,-0.355452741928728,-0.0429906556377549
0.316335409879684,-0.511702179908752,0.0706987566678597,0.104704258417218,0.176269472142061,0.454452074070772,-0.753826006863274,-0.342511928153172
0.656813740730286,-0.186234652996063,0.085037958377159,0.0567847403920246,0.506245039900144,0.828395523627599,-0.29563922750663,-0.081762322965235
0.156647741794586,-0.838941633701324,0.0595909633956394,0.179159414667657,0.0559860387196143,0.293849857896566,-1.25192151876875,-0.531875274712344
0.824613034725189,-0.0912084355950356,0.153297301102375,0.0807874710004454,0.549486701190472,1.13577974041303,-0.260049107336984,0.0552940912902031
0.718129456043243,-0.148329988121986,0.103541465449026,0.0630326078123985,0.536344163119793,0.940315306683381,-0.270556457284484,-0.0267265340794276
0.652500450611115,-0.191136926412582,0.104879845589669,0.0711803031237838,0.459544011205435,0.877617932856083,-0.337672889265355,-0.0566947278366154
0.318017363548279,-0.510733783245087,0.0743642184513101,0.111378980197547,0.175525593633453,0.464181066056092,-0.755660412753351,-0.333315691339912
0.27782016992569,-0.57072389125824,0.068113713264572,0.116435823108282,0.13878014869988,0.407252294073502,-0.857672708880712,-0.390136641754427
0.874389827251434,-0.0632014945149422,0.132137166376174,0.0653219831120955,0.647968435287476,1.14803624252478,-0.188449629914667,0.0599555977231468
0.899284243583679,-0.0514296106994152,0.142350668608171,0.0679055784973898,0.662705950438976,1.22117438515027,-0.178679459795418,0.0867626677783889
1.01157402992249,6.78246869938448e-05,0.153467545005341,0.065419039642722,0.75872328778108,1.34414594471455,-0.119916628143766,0.128446424207086
0.419344902038574,-0.385109156370163,0.0781415832323857,0.0824810536531183,0.280101795246204,0.586045802632968,-0.552685526065268,-0.232068540369115
0.430969268083572,-0.376401156187057,0.0940034292015971,0.0989754504114898,0.257444300502539,0.625310709575812,-0.589317630885733,-0.203905211067441
0.61788409948349,-0.216340914368629,0.110861977707283,0.0807232226470267,0.421983256439368,0.856219073136647,-0.374704845440828,-0.0674152191627137
0.242499858140945,-0.641173720359802,0.0807116240109514,0.155360689180477,0.10068212946256,0.426847304403782,-0.997048469710428,-0.36972750554531
1.23245251178741,0.0863768681883812,0.177187224140659,0.0616602247441382,0.951633812983831,1.61510869363944,-0.0215303758284921,0.208201746001835
0.345633327960968,-0.485958456993103,0.0995484754981281,0.163752353520261,0.109558782167733,0.535484242935975,-0.960355238735302,-0.271253358319306
0.819318115711212,-0.0907950326800346,0.114345964839843,0.0610863013556114,0.629388449092706,1.06439799567064,-0.201081238354742,0.0271040449603678
0.638420045375824,-0.202784329652786,0.121183116300404,0.0834321061276804,0.430209835370382,0.888025349378586,-0.366319711540073,-0.0515758714843249
2.28042125701904,0.352639436721802,0.375174322936202,0.0671562691948563,1.74656641483307,3.1382116039594,0.242185104744412,0.496681510028601
0.334206789731979,-0.49075248837471,0.0848500937299697,0.11593913902939,0.180593835934997,0.511187500258287,-0.743303484931755,-0.291429882166445
1.69609653949738,0.222659394145012,0.313653604775829,0.0756648009564035,1.22615280747414,2.36959004600843,0.0885443927689544,0.374671967481871
0.528006851673126,-0.283897548913956,0.0911552651384498,0.0758388649295002,0.368295289824406,0.723210248847802,-0.43380510140614,-0.140737071142496
0.695477068424225,-0.162641942501068,0.104608818277782,0.0656525283080491,0.50708011786143,0.917243797083696,-0.294927972473522,-0.037515990738495
0.575715124607086,-0.252215564250946,0.134531681899686,0.105969234941577,0.334769509981076,0.855561781922976,-0.475255100245936,-0.0677511142692298
1.26760363578796,0.0985488444566727,0.183782916315909,0.0617789024406042,0.973240306973457,1.66416275997957,-0.0117799143392154,0.221195774259377
2.73095297813416,0.430262297391891,0.491571813326602,0.0704523490536045,2.05489019354184,3.91464036901792,0.312788618905044,0.592691869711962
0.550391137599945,-0.268004596233368,0.104754008510352,0.0901096906879704,0.346215846886237,0.76453959941864,-0.460653077485867,-0.116600040030733
0.185575634241104,-0.75542163848877,0.0579047945187578,0.151524363714319,0.0799114976699154,0.305994733174642,-1.09739091277479,-0.514288666023542
0.17681248486042,-0.790429174900055,0.0708136218035576,0.190307450799092,0.0611748895297448,0.330642708142598,-1.21343586228276,-0.480641293359843
0.32721883058548,-0.490658581256866,0.0509385894698373,0.0701347163134155,0.226413538182775,0.42674488623937,-0.645099704364624,-0.369831729808293
2.72012090682983,0.428209513425827,0.533215588993374,0.0710748334230668,2.06528778473536,3.84104864398638,0.314980386177484,0.584442811909186
0.321511656045914,-0.511035621166229,0.0903584158228243,0.129320612972797,0.15443773282071,0.514436270296574,-0.811246628886099,-0.28866944567816
0.252086520195007,-0.63542777299881,0.0983570795950319,0.188574385087322,0.0823472509160638,0.465812459091345,-1.08436501712308,-0.331790264582224
0.73305869102478,-0.141213998198509,0.124512062820258,0.0749847107194355,0.500507606814305,0.992496833205223,-0.300589756815126,-0.00327160033888969
0.515620827674866,-0.292165040969849,0.0731663088344209,0.0630893008100284,0.376226076980432,0.655062934756279,-0.424551196126443,-0.18371701419112
0.178086847066879,-0.786612808704376,0.0690384682587348,0.190458872588279,0.061050923820585,0.327858259528875,-1.21431157798964,-0.48431629475956
0.476986914873123,-0.330601245164871,0.0965416722690058,0.0899995406788125,0.301873551309109,0.678178679943085,-0.520175588205143,-0.168655992592988
1.93763184547424,0.282687067985535,0.290488796722277,0.0623303136472371,1.5088175714016,2.62374101479848,0.178636619152333,0.418919981230122
0.156524628400803,-0.843064188957214,0.0610610887749716,0.190788098039748,0.0503837335233887,0.286093594630559,-1.29772265282681,-0.543498190844399
0.403797447681427,-0.405312806367874,0.0911939891123413,0.101505001921738,0.234407428652048,0.594694612920284,-0.6300288835267,-0.225707291401543
0.235585242509842,-0.644967496395111,0.0640255843483956,0.125621732116537,0.116203413469096,0.364645974089702,-0.934784586541773,-0.438129233875668
1.02190577983856,0.00397618394345045,0.163591116416741,0.068556589659904,0.75177670220534,1.39412761429946,-0.12391221427449,0.144302169330806
0.37917760014534,-0.432569563388824,0.0850181715663971,0.101651647763189,0.224644316732883,0.557570400337378,-0.648508863940095,-0.253700289716203
0.561928510665894,-0.254652738571167,0.0784016835748109,0.061940191348182,0.414982189734777,0.717489838600159,-0.381972303727974,-0.144185085956105
1.48085081577301,0.161915466189384,0.301323055910096,0.0860444644088456,0.978609640399615,2.15421728491783,-0.00939060342802931,0.33328866241925
0.74439936876297,-0.134981796145439,0.131051371059155,0.07728844927004,0.510605269670486,1.01127982238928,-0.291914741781016,0.00487132818331757
2.33985638618469,0.363861173391342,0.388537378858509,0.0665209389887701,1.78849393824736,3.30287602941195,0.252487195384413,0.518891437860978
0.622112333774567,-0.210844039916992,0.0916167582126702,0.0641618744374783,0.462849468737841,0.804850884278615,-0.334560354152356,-0.0942847438793662
0.506255924701691,-0.304733544588089,0.0980710755835658,0.0930972471502296,0.327306898931662,0.705144506692886,-0.485044867092246,-0.151722893022955
0.696302533149719,-0.164104908704758,0.124388776182761,0.0778265826712517,0.474147139986356,0.972564869125684,-0.324086925271641,-0.0120861384747261
0.652376651763916,-0.190147280693054,0.0946749861398525,0.0639877169240523,0.483767199764649,0.846250042816003,-0.315364020464723,-0.0725023486695806
0.394993841648102,-0.413550913333893,0.075592854156248,0.10308022972226,0.253211499502261,0.536564147969087,-0.596516990942816,-0.270378376571584
0.125386923551559,-0.930582880973816,0.0427997976558078,0.166953974807783,0.0468767357990146,0.215637412046393,-1.32905686591077,-0.666277086879629
0.291709691286087,-0.546975076198578,0.0648858793832582,0.106081568576233,0.168386737629771,0.427582932263613,-0.773693185677795,-0.368979642842001
0.72838431596756,-0.141059055924416,0.0914425759392842,0.054595672197326,0.565523688495159,0.91129590322574,-0.247549243962427,-0.0403408431293583
1.37939655780792,0.134727224707603,0.217925989065259,0.0645411894015713,1.06555917263031,1.88559562762578,0.0275775195074201,0.27544855492872
0.437559366226196,-0.375859558582306,0.116397935615183,0.125753841612591,0.215399845317006,0.675681572159131,-0.666768298545711,-0.170259224815099
0.77224588394165,-0.120192065834999,0.147895060279786,0.0835466705754599,0.514221808314323,1.10274009207884,-0.288849536641837,0.0424726815020033
0.620464563369751,-0.214414373040199,0.111491159220635,0.0793478804069511,0.427348523586988,0.854427373905977,-0.369218240012294,-0.0683248740517534
0.264511168003082,-0.604282200336456,0.0836818090876311,0.165666538553729,0.0988631550843517,0.441831145435572,-1.00529330776919,-0.354743816926553
2.34590625762939,0.364512950181961,0.401942191610121,0.0696618118752513,1.77043709456921,3.32338769634565,0.24808049156298,0.521580693901822
0.0881950557231903,-1.11241555213928,0.049409794434637,0.23034850717698,0.0246348242896299,0.185387147342165,-1.60845091203805,-0.731929786866119
1.12015902996063,0.0424312464892864,0.201090601827525,0.0771277587073037,0.778506467739741,1.5478037973245,-0.108739408531167,0.189714368691648
0.530753195285797,-0.279844582080841,0.0777369697655308,0.0646638676072516,0.390879220018784,0.689040400087833,-0.407958170741413,-0.161755326453002
0.326878070831299,-0.499613523483276,0.078284696438392,0.115326157887884,0.169613547995687,0.480929001420736,-0.770541862024717,-0.317919638969551
0.536898255348206,-0.27784126996994,0.0992265243938671,0.0835816770151099,0.359268263975779,0.751302310824394,-0.444581306361173,-0.124185855429046
1.74438071250916,0.234199196100235,0.336925517454158,0.0793618317864259,1.23835033078988,2.51548062761625,0.0928415686592373,0.400618057470575
0.883754193782806,-0.0585458017885685,0.134300618322018,0.064876204578475,0.66063141276439,1.16094622711341,-0.18004217662297,0.0648071090732413
0.596172988414764,-0.236404657363892,0.13855150532624,0.102320647362124,0.355273768554131,0.907493663827578,-0.449436858314457,-0.0421640521234477
0.855546236038208,-0.0713859871029854,0.111290992433545,0.0560926327222207,0.668167538444201,1.06764035026232,-0.175115213832299,0.0284249734897667
0.556841731071472,-0.260512053966522,0.0930319547181224,0.0746309759666169,0.38970023021102,0.745341541866461,-0.409269513625783,-0.127647068406196
2.21694779396057,0.340130507946014,0.375778344157002,0.0685349423754951,1.69630930324395,3.02131219903628,0.229505042483811,0.480195285967058
0.196221798658371,-0.740423560142517,0.072198417702885,0.178447790216604,0.0724551295861602,0.349380587786436,-1.13993461388228,-0.456705681496059
1.00978136062622,-0.000187009180081077,0.146176516960239,0.0616385522072057,0.776257600386937,1.3423448741436,-0.109994175856753,0.127864006046688
1.4931058883667,0.169357106089592,0.224150537289616,0.0637617161914442,1.13923901220163,1.98550376296043,0.0566148027273867,0.297870357264606
2.18164801597595,0.329074323177338,0.532194896070928,0.0881027760661845,1.51547823448976,3.15364173452059,0.18054700175942,0.498812347163325
0.880445539951324,-0.0588080585002899,0.113027452752598,0.0550699632935012,0.702138010164102,1.10628508528074,-0.153577515873823,0.0438636809817802
0.599339783191681,-0.226952254772186,0.0856208630462174,0.064352383054814,0.433728312452634,0.757583494484425,-0.362783931738923,-0.120569496012935
0.558529019355774,-0.257748305797577,0.0824953416209965,0.0649135752248845,0.41083100438118,0.724763528009256,-0.386337076682586,-0.139803676269615
1.08497834205627,0.027695968747139,0.205943724056306,0.0820895112997762,0.737877208491166,1.5472629715999,-0.132016101699831,0.189563837224262
2.11896204948425,0.320545434951782,0.358429847608992,0.0681440401865922,1.6220628798008,2.99256780544917,0.210067469507802,0.476043485356967
0.959166705608368,-0.0284307543188334,0.21084748219395,0.0950249220523474,0.586401304602623,1.42195137739181,-0.23180540274921,0.15288362367767
0.455425053834915,-0.348407834768295,0.0792902679462608,0.0780450650407177,0.308782211691141,0.616308182477951,-0.510348224189804,-0.21020365091971
0.679342687129974,-0.172756552696228,0.100864829293417,0.0653571787505522,0.510582041740417,0.884479937454065,-0.291934792904836,-0.0533120215820837
0.446120977401733,-0.359268188476562,0.0873505742711709,0.0886383516321705,0.289157604426146,0.621214911838373,-0.53886551435626,-0.206759113202055
0.83704537153244,-0.0846335291862488,0.152669960839204,0.0809284427768787,0.563902392983437,1.15346109370391,-0.248804013593926,0.0620029317661957
1.86817944049835,0.265280812978745,0.321640379124738,0.0725156255081742,1.36147498587767,2.5857693751653,0.134009617585379,0.412589630873122
