PHI,log10.PHI,Std.Dev,log10.Std.Dev,0.025,0.975,log10.0.025,log10.0.975
0.725131869316101,-0.166022926568985,0.257266448917686,0.151580186922846,0.363475966701905,1.26288399795691,-0.439524301606269,0.10136263900475
1.02105534076691,-0.0145517103374004,0.344850155987372,0.142439984327966,0.555602097014586,1.73544193009536,-0.255236123845007,0.239409784201267
0.85504823923111,-0.0941715911030769,0.301562051328019,0.150829516971985,0.435966902722915,1.48368708988031,-0.360546479811836,0.171342297394434
0.424860119819641,-0.404852479696274,0.162424940875734,0.174013296360583,0.199251057580113,0.751995876431465,-0.70059939396134,-0.123784562355393
0.123256392776966,-1.0686047077179,0.0984196720555028,0.413998616886593,0.0100137963270148,0.367921484261751,-1.99940727037596,-0.434244886807277
0.734815239906311,-0.162928372621536,0.272619044325857,0.159864194258015,0.347350281725327,1.31615038116773,-0.45923234478166,0.119305498448569
0.322821348905563,-0.637053430080414,0.244548929203047,0.403652636152798,0.0249944536325832,0.911129492024581,-1.60217413241964,-0.0404199017188167
0.517707645893097,-0.324955552816391,0.215363523987298,0.189063004816185,0.197237769762675,0.972117132941882,-0.705010199315356,-0.012281485704947
0.652213215827942,-0.228778004646301,0.282480343561014,0.201816276728194,0.221448822319508,1.29481213788191,-0.654726660690396,0.112206760364788
0.820632934570312,-0.112370021641254,0.294077251137313,0.151303431712285,0.415830388665199,1.44939393301805,-0.381083776311183,0.161186400715897
0.192327365279198,-0.858402132987976,0.141316857719127,0.395299220710235,0.0161481559276581,0.538231341044109,-1.7918770786138,-0.269031234797428
1.54172074794769,0.167525395750999,0.49334684704892,0.131676330025689,0.927786365151405,2.45476560592651,-0.0325520159159668,0.390010021188032
0.179322898387909,-0.880182147026062,0.127965565375175,0.381349805369164,0.0170955941081047,0.48154340510567,-1.76711687817072,-0.317364577337072
1.04744601249695,-0.00181389239151031,0.343287416801224,0.136935076549785,0.600616638362408,1.72042987346649,-0.221402659153837,0.235636756715791
2.22192978858948,0.327512055635452,0.686343086613699,0.127615258325171,1.3588750243187,3.53331183393797,0.133179487761616,0.548181768199076
1.00693345069885,-0.0200039632618427,0.337445401261184,0.14024756696277,0.564838936924934,1.69040396511555,-0.248075373784138,0.227990308224853
0.394268363714218,-0.491505920886993,0.226032310869408,0.310898623600039,0.0547051108442247,0.910165911416214,-1.26197411697824,-0.0408798259038098
0.399236500263214,-0.434626460075378,0.159789561131799,0.179637736188189,0.162751326089104,0.7295893907547,-0.788475497244731,-0.136921491610578
1.16520273685455,0.0452940389513969,0.374197737515989,0.134145616595131,0.689558382332325,1.88097769320011,-0.161428969908757,0.274383463637847
1.28753113746643,0.0891574397683144,0.414746565130265,0.131867680436885,0.77748462408781,2.07963433861733,-0.109308228707959,0.31798694031116
0.184846252202988,-0.839951276779175,0.117259917136186,0.340182661556504,0.0218074099781613,0.46508190954725,-1.66139591398642,-0.332470724171617
0.308035433292389,-0.622497975826263,0.198382407898611,0.352914847656766,0.0313380988004307,0.777310904860497,-1.50392739094823,-0.109405249102708
0.165789574384689,-0.952675402164459,0.157101480711534,0.426394275009288,0.0118160156222681,0.519122242430847,-1.92754298507348,-0.284731285728136
1.38086581230164,0.119789488613605,0.438527484477215,0.131525897225972,0.828406572838624,2.20694803794225,-0.0817564639556965,0.343792090032257
1.09380304813385,0.0175832267850637,0.352395385037523,0.135039672850183,0.642463300128778,1.79048169056575,-0.192151675881012,0.252969861416693
0.535525798797607,-0.304756611585617,0.208538864001312,0.173543418296898,0.234937133640051,0.975261958440145,-0.629048431144749,-0.0108787357119363
1.70051777362823,0.210852831602097,0.525137347465988,0.129900916709283,1.02335273126761,2.70782463351885,0.0100253359796964,0.432620534766692
0.189544767141342,-0.897027254104614,0.218664808373786,0.42902197883342,0.0125533688813448,0.558341249326866,-1.90125618868998,-0.25310168534287
0.247444599866867,-0.678836703300476,0.132191693710646,0.271421548722956,0.0537702263332903,0.538164867460728,-1.26945991370722,-0.269084765133234
0.598029792308807,-0.283892273902893,0.296474186215843,0.249423659101937,0.132525919626156,1.28589749336243,-0.877699173449582,0.109206349737961
1.11204218864441,0.0219061635434628,0.377047274992398,0.14490695398434,0.587112864355246,1.89496185183525,-0.231278404477464,0.277600469868913
0.292966037988663,-0.651351809501648,0.193107354043126,0.363492740064058,0.0269129126643141,0.750789077579976,-1.5700394335091,-0.124482275570751
0.0944186300039291,-1.17790400981903,0.0724938628871278,0.406062486361738,0.00804341398179531,0.272096032649279,-2.09456022504877,-0.565277810898313
0.673605680465698,-0.20141775906086,0.251150152830373,0.162197261564319,0.31398517464598,1.22082895537218,-0.503090859907781,0.086654636832992
0.121723964810371,-1.06660223007202,0.0943521740369159,0.406948424568647,0.0097014656678463,0.344695111115774,-2.01316264889126,-0.462564876276958
0.671750903129578,-0.19975371658802,0.237158592998207,0.153878925531394,0.336783562848965,1.16363329788049,-0.472649227900818,0.0658160235320652
0.751400291919708,-0.147371903061867,0.252431858258484,0.140985655571949,0.430298125992219,1.24904630680879,-0.36623058219177,0.0965782636289628
0.177271917462349,-0.850566625595093,0.107068525387791,0.328467689672861,0.0239441267369936,0.409712399542332,-1.62080200381063,-0.387520904508972
0.637357294559479,-0.225724458694458,0.237212857975388,0.163394846711452,0.292588653912147,1.13628565470378,-0.533742657512404,0.0554875116404927
0.487255811691284,-0.354512840509415,0.209154443081298,0.198494454718371,0.173970893273751,0.941767683128516,-0.759523433846415,-0.0260563187690311
0.496130764484406,-0.346057027578354,0.21072547464504,0.196837186587959,0.177896101524432,0.950867779056233,-0.749833922314594,-0.0218805012881284
1.3097380399704,0.0954565554857254,0.429792634066394,0.136001408013075,0.753109869360924,2.16838636000951,-0.123141729780985,0.336136535773358
0.394002288579941,-0.472195357084274,0.204504628062634,0.264683879435704,0.0794604584574699,0.853386728465557,-1.09984925539453,-0.0688541154712553
0.342290133237839,-0.584127426147461,0.229269000346061,0.364308473883826,0.0337467748050888,0.901055150727432,-1.47176782877829,-0.0452491656793209
0.0745416656136513,-1.29707169532776,0.06106477400285,0.426266210309318,0.00564584331975008,0.222893802821636,-2.24827390530021,-0.651902204446207
0.220958665013313,-0.7435222864151,0.127286466047693,0.30496133823107,0.0355712818913162,0.499876044938962,-1.44890101402374,-0.301137682275835
0.747248291969299,-0.160518035292625,0.293580675021771,0.175228664961637,0.309065493444602,1.40934676826,-0.509950310404422,0.149017818117487
0.0948976650834084,-1.18207859992981,0.0747935068873495,0.413777127082543,0.00787207114820679,0.279007105032603,-2.10391132020053,-0.554384746227563
1.95265662670135,0.271279752254486,0.604953078665176,0.128119618895971,1.18676601449649,3.10340382854144,0.074365058595601,0.491838099168014
0.270488142967224,-0.636525630950928,0.142726448718032,0.262827474822929,0.0568402266750733,0.58785958091418,-1.24534509152185,-0.23072648707402
0.252314507961273,-0.663126230239868,0.129504477376567,0.254188410162439,0.0609020773631831,0.529296079774698,-1.21536820869426,-0.276301334159768
0.36311948299408,-0.526494145393372,0.20507338382145,0.307816552847114,0.0525923778302968,0.83383936782678,-1.27907740138377,-0.0789176415202201
0.896217107772827,-0.0771384835243225,0.337000661584024,0.161079530865407,0.414441373944283,1.62910583019257,-0.382536994072706,0.211949297834839
0.340373426675797,-0.582911610603333,0.220852615568764,0.361231528077193,0.0323864176558952,0.869457601010799,-1.48963711846945,-0.0607515916728906
0.382780432701111,-0.454365909099579,0.156857008842742,0.182941078142571,0.157061567530036,0.714432372649511,-0.803930076525579,-0.146038877668638
1.37659525871277,0.112740904092789,0.48587367261112,0.150844600937859,0.685717033346494,2.42658268809319,-0.163855720814213,0.384995076162844
0.339258700609207,-0.509425103664398,0.14158867086723,0.191476565699434,0.137885129948457,0.627101387580236,-0.860482567255698,-0.202662243330322
1.01051652431488,-0.0237097945064306,0.366464206853788,0.158062000672836,0.469834990551074,1.81227088769277,-0.32805479348311,0.258222971612996
0.106100119650364,-1.13906741142273,0.086913199902658,0.421498855045117,0.00753684648467849,0.317167567213377,-2.12281069979727,-0.498711929651044
0.231864497065544,-0.729797720909119,0.138521831898363,0.321350173008286,0.0329297878158589,0.545451539258162,-1.48241168011925,-0.263243829552298
0.262505859136581,-0.636658906936646,0.126782912074894,0.231361132414849,0.0771133099372188,0.527060953776042,-1.11288447955591,-0.278139178775569
0.649015307426453,-0.226225167512894,0.267497948656506,0.188888228702989,0.241776036719481,1.25549554725488,-0.616586856775033,0.0988151744090033
1.20370674133301,0.0584611631929874,0.39343062875821,0.137588777655004,0.674065311749776,2.00173559188843,-0.171298022253093,0.301406704266848
0.417073637247086,-0.452519029378891,0.221000150811027,0.275774735219803,0.0770163917293151,0.917752006649971,-1.11341828325976,-0.0372747443746181
0.30988335609436,-0.593820154666901,0.175795819420494,0.303160287828396,0.0500088773978253,0.714456663032373,-1.30095350952723,-0.146024157077134
0.0981793627142906,-1.1627185344696,0.0765266805422136,0.404432209602221,0.00905571593903005,0.283326748758555,-2.04307722023719,-0.54771242570958
0.969743728637695,-0.0370422229170799,0.323884826500044,0.143454198634031,0.52281099408865,1.62913142045339,-0.281655288629353,0.211956096646457
0.314371347427368,-0.55734920501709,0.149949591332381,0.231277195517003,0.0896136094505588,0.644608806073666,-1.04762607883109,-0.190703766986633
1.34296858310699,0.107091970741749,0.43481817142154,0.133312001297595,0.794511386255423,2.16758513649305,-0.099899877537075,0.335975952716873
0.273038148880005,-0.648071050643921,0.153108937043787,0.303491924347345,0.0400255606199304,0.613993601997693,-1.39766303113388,-0.211836155688721
0.281569570302963,-0.697916328907013,0.215388024763781,0.405200519666216,0.0217617808375508,0.8150534187754,-1.66230585250161,-0.0888139286351534
0.379171848297119,-0.491829454898834,0.199191848958169,0.270130196876615,0.0755305335546533,0.83808087259531,-1.12187795317078,-0.076714091182281
0.0552969500422478,-1.43428480625153,0.0466772817047604,0.429792356701641,0.00444435426422084,0.170951104909182,-2.35219137777456,-0.767128089011853
0.373496830463409,-0.478080660104752,0.172656709143947,0.219265347787435,0.111125068987409,0.753092730542024,-0.954188704469428,-0.123151552784062
0.0822388082742691,-1.2493314743042,0.0661989792008944,0.423341410104918,0.00583845719617481,0.243610269824664,-2.23371046658066,-0.613304441322014
0.363365769386292,-0.483892202377319,0.156737146343745,0.207351311213043,0.13281192543606,0.699192276100318,-0.876762983892568,-0.155403579416892
0.270523458719254,-0.624294996261597,0.130733386639068,0.233772321530299,0.0755992808689674,0.549082762002945,-1.12148234680409,-0.260362190420913
0.23992246389389,-0.750509023666382,0.169686137478453,0.379706766087143,0.0215964913213005,0.641349499921004,-1.6656177929288,-0.192905245872826
0.105376586318016,-1.13892984390259,0.0850474886865952,0.4166956613307,0.00862791612744331,0.313095460087061,-2.06409472919437,-0.504323266147592
1.58070123195648,0.176751092076302,0.524479185355021,0.137177352138923,0.890453184644381,2.63936408758164,-0.050389091613549,0.421499236662944
0.641068339347839,-0.220888063311577,0.231530467596494,0.156011679813893,0.318048727264007,1.12306046485901,-0.49750633830841,0.0504031328154015
0.815299391746521,-0.124369896948338,0.323517592736648,0.181557718450382,0.31503120114406,1.54133211870988,-0.501646458913884,0.187896225950544
0.371046990156174,-0.468658000230789,0.15252614106999,0.18558813941274,0.14909910534819,0.685587652524313,-0.82652524310253,-0.163937023707745
0.375402241945267,-0.483352452516556,0.186527801382734,0.237672779328555,0.100959440755347,0.775040882329147,-0.995853111044143,-0.11067550318242
0.194657891988754,-0.814153611660004,0.120077425105252,0.337649132310658,0.0242547487219175,0.457648895184199,-1.6152032702218,-0.339467778717969
1.0725976228714,-0.000413525296607986,0.408300962997794,0.165512134899808,0.471631918350855,1.97304154038429,-0.326397090443794,0.295136123191857
0.374733090400696,-0.526187598705292,0.236085988364644,0.331448660964551,0.0483740321670969,0.920888656874498,-1.31538773422094,-0.0357929230664879
0.356273770332336,-0.501073896884918,0.166943409136764,0.228133036197573,0.102023701990644,0.72936445226272,-0.991299093302994,-0.13705560405541
1.68163323402405,0.205526262521744,0.525221957108586,0.131564539136963,0.985708047946294,2.75224189360937,-0.0062517000731734,0.439686596953766
0.22658483684063,-0.725223004817963,0.125129409202646,0.293226611779547,0.0396422616826991,0.500593077143033,-1.40184157597587,-0.300515164863316
0.51526552438736,-0.319773018360138,0.196952978086436,0.167761552898211,0.239037844911218,0.921470175186793,-0.621533364425884,-0.035518724239544
0.140482068061829,-0.994560658931732,0.102692579970892,0.39562619168432,0.0117667368147522,0.387660541633765,-1.92935820802298,-0.411548463046592
0.353620648384094,-0.491476088762283,0.148894866486223,0.190628300309926,0.139381053050359,0.66837879071633,-0.855796391252122,-0.174977341590229
0.751832008361816,-0.146578684449196,0.249347162198735,0.139383825612859,0.435639934490124,1.2144826322794,-0.360872638016469,0.084391308364565
0.0873700231313705,-1.21876287460327,0.0700376124160102,0.412949072707854,0.00739260702005898,0.263405170540015,-2.13120246838557,-0.579375743230517
0.533722341060638,-0.306684583425522,0.21091566149374,0.174050044798948,0.233451058839758,0.980635047455629,-0.63180417499342,-0.00849261833572382
1.09309113025665,0.0160476788878441,0.361188500723283,0.139407610478077,0.612579816579819,1.8246256907781,-0.212837319164683,0.261173781840473
0.37608203291893,-0.469781011343002,0.166989064326834,0.20434248544582,0.13321823750933,0.746639136473339,-0.875436322775899,-0.126889997204601
0.465948879718781,-0.363494575023651,0.176930190699071,0.168408262408194,0.215105499327183,0.829703921576341,-0.667348492572596,-0.0810769110446342
0.155276283621788,-0.951552271842957,0.113488661043949,0.395421129311374,0.0138323751821493,0.428853128105402,-1.85910508452134,-0.36769155081931
0.370202302932739,-0.48014834523201,0.168151030218242,0.215236175377269,0.11364862776051,0.737751428286235,-0.944437828334271,-0.13208994121368
0.611799895763397,-0.247647479176521,0.240041220944713,0.17577999962256,0.253923807293177,1.11748548249404,-0.595296662796437,0.0482418713732631
0.972172856330872,-0.0473639033734798,0.38862147555589,0.179767093445219,0.391507895042499,1.86359582046668,-0.407259478559547,0.270351373293089
0.204193085432053,-0.777678430080414,0.11715237965427,0.306501381232337,0.0314056101255119,0.462549093862375,-1.50299276586972,-0.334842193093046
1.19693577289581,0.054822102189064,0.397880763619468,0.141824139582638,0.662961058318615,2.00266788204511,-0.178512007065309,0.301608927677596
0.127600401639938,-1.03125417232513,0.0923260845272601,0.385373308561005,0.0115673915017396,0.347828302035729,-1.93676456868167,-0.458635266949995
0.301905453205109,-0.644487261772156,0.204174466778846,0.374751067985199,0.0263098045873145,0.779670015970866,-1.57989816378596,-0.108089168198672
0.629829823970795,-0.249231860041618,0.285666609994908,0.216586070628945,0.193333571528395,1.27435541152954,-0.713693823247659,0.105290567512593
0.375310599803925,-0.537156939506531,0.240584118887768,0.356562827609126,0.0379311524021129,0.928633993367354,-1.42100570330422,-0.0321554688808107
0.124874509871006,-1.05527758598328,0.0965097890040201,0.404838641306344,0.0103249410322557,0.355077800651392,-1.98611606377949,-0.449676651049822
0.0853652060031891,-1.2323659658432,0.0697885035158611,0.417534897139582,0.00676007524210339,0.254775826384624,-2.17005109013937,-0.593842269433565
0.287055402994156,-0.666606187820435,0.196028978357421,0.373952116777325,0.0266213226752977,0.754379625618458,-1.57477058236621,-0.122410155217682
0.0458613038063049,-1.52375459671021,0.03979121524422,0.439901928077708,0.00360094217855173,0.144551646709442,-2.44358618084116,-0.839977021488974
0.27848345041275,-0.625223100185394,0.147321957658462,0.267017654621956,0.059000006193916,0.599342816571395,-1.22914920102208,-0.222324768564593
0.52892017364502,-0.306133508682251,0.191333192389826,0.163770375849548,0.260019034147263,0.902370131015778,-0.584994859250131,-0.0446153188516599
0.561516344547272,-0.314470410346985,0.280524669587461,0.259252342268719,0.115260579437017,1.18818926612536,-0.938319214306856,0.0748856035519751
0.380357265472412,-0.476914614439011,0.184883659033628,0.23819586521645,0.105342306382954,0.791865482926369,-0.977398004328519,-0.101348615957133
0.452195227146149,-0.39503401517868,0.20635216379004,0.223296132749595,0.128337094808618,0.905700273315112,-0.891647857280081,-0.0430155058844232
0.430353701114655,-0.426049798727036,0.215901743513442,0.243705476154585,0.10877699808528,0.914076180756092,-0.963462931430769,-0.0390176362926263
1.55305171012878,0.16928094625473,0.516309053216264,0.136224247506672,0.886214474836985,2.61552569667498,-0.0524611654445656,0.417558989604151
1.01353144645691,-0.0241041015833616,0.382878434088909,0.162188855185755,0.467839635660251,1.84587255020937,-0.329903034691882,0.266201448959982
0.74358057975769,-0.154187545180321,0.258583952035286,0.148818537135431,0.388692199687163,1.28230812549591,-0.410394185632633,0.10799238361243
0.310739606618881,-0.593280136585236,0.176909313293981,0.304370482898853,0.0482439924652378,0.705907149116198,-1.31655675913395,-0.151252444748927
0.0836671069264412,-1.24143350124359,0.0682335854269109,0.419015589512802,0.00642881791573018,0.256104507297278,-2.19187341493797,-0.591583481905679
0.556544661521912,-0.28372848033905,0.204049528141944,0.160795007975271,0.260490989685059,0.984139291942121,-0.584207319318372,-0.00694395491336224
0.201769426465034,-0.797143161296844,0.12462768763927,0.331204439574786,0.0259113775721441,0.48551455984513,-1.58651111824681,-0.313797744174537
0.142465442419052,-0.97185742855072,0.0963237645754879,0.371116798086685,0.0134867211803794,0.360002287228902,-1.87009362087328,-0.443694863527611
0.201685890555382,-0.794861316680908,0.124042160393134,0.327703261688834,0.0270551850864043,0.494677220284939,-1.56775012264018,-0.305678357813664
0.352430313825607,-0.498806357383728,0.155384144213951,0.208944878455606,0.122630196250975,0.681665357450644,-0.911402986330859,-0.166428783223823
0.47774463891983,-0.360609382390976,0.199929810292341,0.191613367477241,0.181250919029117,0.903687508900961,-0.741719783638694,-0.0439818156059859
0.24808768928051,-0.747783422470093,0.185876212718319,0.394121750681193,0.020540467541044,0.707111957172553,-1.68738967737189,-0.150511914432459
0.493855506181717,-0.340067684650421,0.192874116511741,0.173430658110994,0.213114084427555,0.900573510428271,-0.671388578968426,-0.0454811578960184
0.230163305997849,-0.708933472633362,0.122060325213999,0.267248507556192,0.0486929709091783,0.493606060494979,-1.31253373848977,-0.306619516674934
0.600545048713684,-0.254739731550217,0.23392104850594,0.172612240088739,0.259975451976061,1.1012894153595,-0.58506819732351,0.0419013388322196
0.135498628020287,-0.99823397397995,0.0935748769362362,0.378646604317672,0.0127017407134796,0.349435931692521,-1.89613676130836,-0.456632451078916
0.334380954504013,-0.567157924175262,0.19968693079442,0.313701548900769,0.0459124141062299,0.777440844972929,-1.33807132927298,-0.109332666919335
0.559523701667786,-0.285509437322617,0.215385681181392,0.173802770415691,0.233688932408889,1.02069636583328,-0.631361879724951,0.0088965613270769
0.680965065956116,-0.190939992666245,0.229177088211531,0.144356422106331,0.37552159378926,1.13200602630774,-0.425365176489386,0.0538486052422426
0.176026090979576,-0.837583005428314,0.0998730348941568,0.292590100052238,0.0320931158649425,0.388982674727837,-1.49358896731745,-0.410069770809096
0.807878971099854,-0.115839175879955,0.26737044969711,0.141742228652384,0.44234133263429,1.34715247948964,-0.354242788290344,0.129416754773654
0.218879073858261,-0.738003790378571,0.12038107317363,0.285667887979873,0.0412872623341779,0.479345340530078,-1.38418511710033,-0.31935149509767
0.31576007604599,-0.543963611125946,0.137437138764261,0.199729964751242,0.113028155515591,0.612490014731884,-0.946813361665073,-0.212900993386078
0.706062138080597,-0.201092675328255,0.325907994504783,0.22091844908229,0.21204505947729,1.41450704733531,-0.673572277843409,0.150605114478541
0.572817087173462,-0.29848575592041,0.273327273904017,0.242650143902082,0.138734506443143,1.18684203326702,-0.857820689906658,0.0743928556343213
0.758741855621338,-0.149451836943626,0.278641645750624,0.162216811600084,0.348496258010467,1.34737919767698,-0.457801981084841,0.129489825572399
0.483348727226257,-0.350371569395065,0.189084648379795,0.178087418339407,0.211389968792597,0.874669433633487,-0.674915625360986,-0.0581560722828288
0.176742047071457,-0.853627562522888,0.109958615795174,0.328069966106083,0.0241112127900124,0.422794186323881,-1.6177827415562,-0.373870995919881
0.202706173062325,-0.768923461437225,0.110319989675538,0.278655349117379,0.0411582777276635,0.443307941406965,-1.38554600823358,-0.353294493482776
0.707635641098022,-0.176171690225601,0.247279783268414,0.150271765072676,0.372719197223584,1.22033404608568,-0.428618251211568,0.0864786368686126
0.116019815206528,-1.06477701663971,0.0799397866974862,0.373591619475132,0.0122775073318432,0.290103401243687,-1.91088981329239,-0.537447180156799
0.537295758724213,-0.310194611549377,0.227203940960207,0.193289011858773,0.1972631867975,1.03197711706162,-0.704954004878071,0.0136700035098294
1.21309697628021,0.0639912784099579,0.377190648486912,0.13041237024105,0.748109459877014,1.90585165421168,-0.126034853549106,0.280089082776768
0.738943040370941,-0.194706171751022,0.363501779213477,0.261754488995779,0.160979121302565,1.55758795539538,-0.793234898818946,0.19245257960613
0.329631477594376,-0.520634412765503,0.136718545641065,0.186432162016292,0.136798697585861,0.603410583734512,-0.86391824000241,-0.219387077104506
0.107413060963154,-1.12502264976501,0.0836376334586609,0.411198354829148,0.00853994301675508,0.311453284074863,-2.06854930291919,-0.506607096390446
0.14828796684742,-0.957494735717773,0.103182034723511,0.375363630580562,0.01439992748977,0.388128773123026,-1.84164158810682,-0.411024163028447
1.46203315258026,0.141368418931961,0.494194736458125,0.142706506228991,0.77911647160848,2.47612488269806,-0.108397624529418,0.393772544412142
0.288787037134171,-0.590527713298798,0.134463725350979,0.220050505156567,0.0895604725927115,0.573826566835245,-1.04788417630763,-0.241219349622399
0.40853750705719,-0.439213365316391,0.186774170204462,0.222592821623497,0.122086475727459,0.821243236462276,-0.913332585098656,-0.08552833101436
0.405346363782883,-0.426722258329391,0.159303833228144,0.176009273981683,0.176002008467913,0.729821801682313,-0.754482539167876,-0.136783170601875
0.122252121567726,-1.0479896068573,0.0863982011140045,0.384665384160443,0.0114677186512078,0.322759841382504,-1.94052367127381,-0.491120528842638
0.414013624191284,-0.485586732625961,0.250816086105387,0.341615050863644,0.0457078391996523,0.991175385316214,-1.3400095871325,-0.0038496928054217
0.968489527702332,-0.0364466570317745,0.320722399096418,0.138894587307167,0.551956256230672,1.60162546833356,-0.258095341481472,0.204560958563106
0.112651318311691,-1.09309124946594,0.0849012845089348,0.395556543432849,0.00971297528594732,0.317991405725479,-2.01264816600798,-0.497584617425749
0.549323678016663,-0.289335429668427,0.201390037017231,0.160106360410736,0.267985155433416,0.956263879934947,-0.57188927462968,-0.0194223764375528
0.391726911067963,-0.451918989419937,0.172831205473195,0.204524828793275,0.138607354089618,0.757867342233658,-0.858214410210151,-0.120406815775112
0.814623415470123,-0.119017995893955,0.304869682913941,0.16294047441354,0.370516861230135,1.47267066836357,-0.431192082597994,0.16810563189399
0.446838170289993,-0.383100092411041,0.17379584173389,0.172033020550922,0.199134721979499,0.807710549235344,-0.700853028330962,-0.0927442756961454
0.155851751565933,-0.966209053993225,0.120449664370395,0.419347343414077,0.011541519430466,0.445308647553126,-1.93774254331094,-0.351338951721176
0.116711437702179,-1.08807706832886,0.0919308091165966,0.40824336898497,0.00921321643982083,0.347092940906684,-2.03558895074537,-0.459554243638512
0.300566613674164,-0.579030632972717,0.144623939330993,0.239439922236371,0.0808210598304868,0.613643109798432,-1.09247546746555,-0.212084166740671
0.375452250242233,-0.475492775440216,0.173093131278964,0.218706671647121,0.11158529886355,0.759816875557105,-0.952396410904114,-0.119291070743883
0.153164982795715,-0.934894442558289,0.101529625010204,0.36154543553656,0.0166588880587369,0.379309594631195,-1.77835747851164,-0.421006172418871
0.321472555398941,-0.538671553134918,0.141700124967741,0.208155172383317,0.108701622672379,0.616583793858687,-0.963764001285403,-0.210007894405109
0.169978201389313,-0.86841231584549,0.103697077943995,0.324620170735076,0.023999675658221,0.399703595787287,-1.61979463212725,-0.398261944809486
0.834417760372162,-0.105707690119743,0.296578974954573,0.154262092146502,0.407160124182701,1.43797680834929,-0.390234938728555,0.157751879897912
0.538862884044647,-0.314451962709427,0.241767966001295,0.208353105242599,0.175808155660828,1.0811191479365,-0.754962130262712,0.0338735500243339
0.812813520431519,-0.126854777336121,0.331143516393626,0.183318896203836,0.314495699356,1.52230372627576,-0.50238735189899,0.182501306784312
0.727365255355835,-0.175384163856506,0.298235186561499,0.184215750051052,0.283564397195975,1.38653042316437,-0.54734829895675,0.141929401031524
0.531653761863708,-0.316569417715073,0.227442020793787,0.199103995539016,0.183925509949525,1.02868428428968,-0.73535810140814,0.0122814849106913
0.958478212356567,-0.0400730557739735,0.30668489173105,0.136791284938211,0.559164142111937,1.54681542317073,-0.252460686699117,0.189438493728976
1.03291285037994,-0.00822167471051216,0.335780927854075,0.138770954573095,0.587375245491664,1.6994898100694,-0.23108436052356,0.230318347673199
0.893117189407349,-0.0750393271446228,0.314542473366807,0.150180936752892,0.44988662948211,1.55945125420888,-0.346897039641923,0.192971765267794
1.09790861606598,0.0171866249293089,0.370685252169796,0.141660434717893,0.596639806528886,1.85447686115901,-0.224287845326459,0.268221418729253
0.896046102046967,-0.0698582679033279,0.288742184368065,0.138732191856797,0.516161990662416,1.45058340330919,-0.28721398108062,0.161542701532621
1.18163073062897,0.0489341020584106,0.399986416615878,0.142245093146622,0.647016603251298,1.99985989630222,-0.189084575605262,0.300999571440109
0.718067407608032,-0.17762403190136,0.280994643742363,0.174255654356504,0.30030762453874,1.32477735380332,-0.522433677652743,0.122142383443897
0.193463653326035,-0.811419367790222,0.116273041968047,0.326389765343718,0.0268250366517653,0.448973356435696,-1.57146613304985,-0.347779431468031
0.371834814548492,-0.470216512680054,0.158599926917518,0.191581966552972,0.144045048331221,0.713843917349975,-0.841502121158855,-0.14639676793079
0.872792303562164,-0.0806921496987343,0.2775425802675,0.136971784496702,0.512094278633594,1.40149923165639,-0.290650076465962,0.146592860906899
1.34047532081604,0.0982506945729256,0.526399346043375,0.158583102315125,0.63295491039753,2.4248318374157,-0.19862723991507,0.38468162545567
0.967198312282562,-0.0401332229375839,0.336118427613827,0.149595437259694,0.49352103471756,1.67603883544604,-0.306694430720107,0.224284055291708
0.810976326465607,-0.153892606496811,0.406179770488129,0.255289491412774,0.174442359805107,1.76363408068816,-0.758348167993468,0.246408471520168
1.20526993274689,0.0556504987180233,0.416523976530005,0.149229577805088,0.601310945053895,2.08522683183352,-0.220902215047449,0.319153286734577
0.547963738441467,-0.28976246714592,0.199465066438011,0.158035106682783,0.267503095169862,0.958499211569628,-0.57267155911373,-0.0184083972123479
0.166981399059296,-0.896041810512543,0.111208847630557,0.359795034658237,0.0174934808940937,0.42305363441507,-1.75712621492317,-0.373604603318006
0.946507513523102,-0.0460990183055401,0.31250674717295,0.137612981057935,0.542619887987773,1.57335493167241,-0.265504292999248,0.196826640040684
0.401675283908844,-0.434248298406601,0.166103233334023,0.185691576298898,0.164093315601349,0.756065818170707,-0.784909109724332,-0.121440520583142
0.142453297972679,-0.964662373065948,0.0932385231052327,0.360205457888074,0.0155214920329551,0.347111044327418,-1.80906801323605,-0.459531567907885
0.527659118175507,-0.31633847951889,0.223388271644109,0.187207122388807,0.208159830421209,1.01782101194064,-0.681603083503106,0.00767141028277298
0.0598383545875549,-1.39084625244141,0.0515364533260209,0.417146837203029,0.00494702433158333,0.181996853649616,-2.30565714892964,-0.73993617800796
0.965256452560425,-0.0457948036491871,0.363694130680563,0.164762570066606,0.42813170577089,1.77937634984652,-0.368422630372105,0.250267813748588
0.422113955020905,-0.407719254493713,0.165420649753399,0.170917395493892,0.192922556648652,0.765127753714721,-0.714616995201782,-0.1162660475053
0.0860804095864296,-1.22749042510986,0.0698067136309308,0.415096485429036,0.00702384974186619,0.259301842004061,-2.15342542194848,-0.586194442329811
0.887968957424164,-0.0782809108495712,0.319801166664611,0.151914462439437,0.448783761014541,1.56186387836933,-0.347963386833593,0.19364317562007
0.604281902313232,-0.245368748903275,0.213164485856178,0.152219373108887,0.318705103049676,1.0307533621788,-0.496611031375133,0.0131547550655861
0.344008415937424,-0.501063942909241,0.140483679227365,0.183912669825743,0.143720660110315,0.62374540468057,-0.842480921677306,-0.204992641275147
0.580336451530457,-0.268341094255447,0.223756547704185,0.168574648721655,0.259268125146627,1.0580333262682,-0.586250875116111,0.0244993469998382
0.958334684371948,-0.0416811108589172,0.318410763951805,0.141700624476058,0.515448751052221,1.63128105898698,-0.28781452944475,0.212528787559533
0.511215686798096,-0.322245299816132,0.192210415505191,0.165200256315173,0.239427481715878,0.914211778342724,-0.620826181696007,-0.0389532216645756
0.192727342247963,-0.783108532428741,0.101322711713218,0.258319616081745,0.0465454317318896,0.403121622403463,-1.33212308599454,-0.394563908365975
0.532523572444916,-0.302766650915146,0.195578279857692,0.159691041918328,0.262711665282647,0.938008866707484,-0.580520775212265,-0.0277930608868694
0.415507674217224,-0.476291060447693,0.245358944402095,0.328069795778486,0.0539729697319369,0.986819250384967,-1.26782371028908,-0.00576238798568387
0.152934730052948,-0.912215650081635,0.0933420474440246,0.317831127742369,0.0244587146211416,0.361122962832451,-1.61156637559007,-0.442344986467271
0.29752916097641,-0.565632104873657,0.124296095148514,0.187109600377594,0.125325096274416,0.543117145200571,-0.901962406072228,-0.265106489570627
1.08056640625,0.00293241441249847,0.421020437026578,0.163369166966909,0.499364474912484,1.9716645081838,-0.301582367109701,0.29483301850743
