PHI,log10.PHI,Std.Dev,log10.Std.Dev,0.025,0.975,log10.0.025,log10.0.975
0.362344473600388,-0.468137562274933,0.122159562862293,0.160812157133888,0.145051518579324,0.62098045796156,-0.838478002112011,-0.206922147611689
0.539309322834015,-0.293923199176788,0.175018845335352,0.156636665655691,0.214949514095982,0.906007896860441,-0.66766380678362,-0.0428680229742015
0.494913429021835,-0.325361341238022,0.146229312087639,0.13584913527786,0.23120989886423,0.785578671097755,-0.635993595424161,-0.104810316463376
0.395229071378708,-0.434287250041962,0.142201199762364,0.171879237296151,0.14477837147812,0.697726762294769,-0.839296769665814,-0.156314625156261
1.50984370708466,0.174428462982178,0.233394590848883,0.0612576473033416,1.13441425164541,1.93053955733776,0.0547716648663636,0.285678696337102
0.988380968570709,-0.0085652694106102,0.121271541269767,0.0563945026792657,0.757023538152377,1.21990687449773,-0.120890673495644,0.0863266652171106
2.5666196346283,0.40724778175354,0.266334651599609,0.0420246262343218,2.15040149887403,3.07301607131958,0.332519553874885,0.487564826238277
0.450135797262192,-0.365355670452118,0.124537719554922,0.133308724805974,0.212019903212786,0.70040345788002,-0.673623388066869,-0.154651722443975
0.29737663269043,-0.563288867473602,0.118344374294664,0.185289947912973,0.106687652071317,0.560202261308829,-0.971885922708022,-0.251655180344776
0.660010099411011,-0.19595205783844,0.167632831633754,0.120686546285862,0.34244420354565,1.00343645910422,-0.46541030589421,0.00148980405511014
0.804387927055359,-0.109894469380379,0.20366450335555,0.120048534343611,0.412930812935034,1.21252017319202,-0.384122766251764,0.0836889724785036
0.747449994087219,-0.150479510426521,0.237125603876164,0.150665756079581,0.319249960780144,1.22540222903093,-0.495869292913589,0.0882786657149848
0.857256472110748,-0.0744317173957825,0.155279861173371,0.0825938589784175,0.552766607205073,1.16128574709098,-0.257458218329846,0.064939091263847
0.38287279009819,-0.440668940544128,0.119414951744175,0.150213298043182,0.16342307018737,0.626109923919042,-0.78668820958625,-0.203349431290094
1.45433950424194,0.153793662786484,0.28587333449115,0.089768528546883,0.915427362422148,2.04126915335655,-0.0383761392948006,0.309900265453286
0.766767919063568,-0.130180791020393,0.193609980779505,0.116810569949046,0.399770487348239,1.15597341060638,-0.398189360628791,0.0629478424600557
0.751764476299286,-0.143573358654976,0.19163693909302,0.150860522980473,0.361392008761565,1.11311854322751,-0.442021461830715,0.0465413874041047
0.567206263542175,-0.259746879339218,0.135039272843369,0.11190759696725,0.309426157921553,0.83096477886041,-0.509443030366341,-0.0804173837661528
0.834602415561676,-0.0876472443342209,0.158556907583757,0.0946814685338932,0.526682295898596,1.13930155336857,-0.278451316036022,0.0566386740057816
1.2226824760437,0.0812280550599098,0.185611924263206,0.0790766394169799,0.871553020179272,1.57536801993847,-0.0597068871958307,0.19738202441788
0.815362572669983,-0.102334685623646,0.195871383228883,0.112664682334622,0.437291749566793,1.20541988213857,-0.359228837193857,0.081138350218059
0.713761389255524,-0.14939521253109,0.0828403157402289,0.0508474367973221,0.555626266201337,0.880409802496433,-0.255217235290816,-0.0553151308872995
0.317481726408005,-0.528457641601562,0.112849060577514,0.168918177459675,0.12491474399964,0.545143620669842,-0.903386626298143,-0.263489077677466
0.382390320301056,-0.439751416444778,0.111439862143074,0.150021626731363,0.161813733602564,0.600399508575598,-0.790985756644455,-0.221559674980602
1.60175371170044,0.19937190413475,0.246774685071324,0.0678734881850036,1.13198209106922,2.09268776774406,0.0538395469646897,0.320704435397613
1.11456513404846,0.0388910509645939,0.19782823649181,0.0914827053543175,0.738153430322806,1.49129571318626,-0.131853358870987,0.17356364429884
1.57130610942841,0.191885441541672,0.225218709307598,0.0616613613176446,1.16551340520382,2.02081687847773,0.0665171886076773,0.305526960576003
2.81335067749023,0.444053918123245,0.447930171304616,0.0665214500029548,2.05605312585831,3.69691725770632,0.313034316317991,0.567839728795699
0.428021639585495,-0.381133824586868,0.098268260112532,0.108287470956755,0.23494256089131,0.617007239659627,-0.629038648178908,-0.20970975280901
1.10106086730957,0.0238034259527922,0.297362679917803,0.131172048603827,0.503298883636793,1.68720459938049,-0.298176287486598,0.22716775063544
0.550054252147675,-0.309088587760925,0.252960070696185,0.216955985715617,0.16368563733995,1.13020676374435,-0.78599068620321,0.0531578947338748
1.19372546672821,0.0685814246535301,0.224915470033421,0.0874504377929616,0.760783997178078,1.63464952905973,-0.118738655131056,0.213424519717015
0.407989978790283,-0.418375104665756,0.141912592285168,0.165730365940249,0.157171232377489,0.707843060791493,-0.803627672581514,-0.150063053893034
0.522256314754486,-0.297007828950882,0.130891909753861,0.117468080795008,0.272061427682638,0.784685738881429,-0.565333569973983,-0.105304264093597
0.373483657836914,-0.444615930318832,0.0982565643681382,0.12642013466476,0.176627908522884,0.569021364549796,-0.752940710560493,-0.244871603236511
0.57662171125412,-0.253417074680328,0.140666962031995,0.115776359394326,0.308744102468093,0.847552930315336,-0.510401511355703,-0.0718331888439422
0.787351191043854,-0.110243372619152,0.131266927195237,0.076278074521141,0.531734103461107,1.04584509332975,-0.274305602080025,0.0194673626592151
0.1380695104599,-0.900051534175873,0.0581065506393625,0.194090079054038,0.0466892338978748,0.26782521729668,-1.33079023610411,-0.57214853465468
0.485168993473053,-0.327908486127853,0.114748699077491,0.115030973956423,0.259839773178101,0.708657801151276,-0.585294375627437,-0.149563427648796
1.24962973594666,0.0864380449056625,0.26481842550095,0.0970141952840596,0.742807698746522,1.79009412427743,-0.129123619766028,0.252875814784953
1.84432148933411,0.261942565441132,0.248297024544442,0.0582238182142594,1.39534558852514,2.33992217977842,0.144681775109389,0.369201405755739
1.1182736158371,0.0379267409443855,0.244211049413056,0.0976276451178659,0.67301812817653,1.59576573371887,-0.171973239788777,0.202969127243522
1.31474232673645,0.110346615314484,0.253057749374128,0.087621818195617,0.81899482011795,1.82658081650734,-0.0867188450055217,0.261638874180181
1.67096602916718,0.220331788063049,0.179052880429889,0.0488579658876029,1.32760918339094,2.02186574141184,0.123070247218769,0.305752313613301
0.584082305431366,-0.247715428471565,0.137717860655037,0.118545158072372,0.307009385029475,0.851449336608251,-0.512848413054984,-0.0698412014790838
0.374853402376175,-0.445923328399658,0.107213490111411,0.13689316795564,0.175395009790858,0.593206997215748,-0.755982767774261,-0.226793741284973
0.73463636636734,-0.146805793046951,0.172579097986824,0.108740820024521,0.408928731580575,1.07768604159355,-0.388352395581068,0.032492240970865
2.03764724731445,0.306634604930878,0.221286854139522,0.0463921167344852,1.64304593404134,2.48644253611565,0.215649703827971,0.395578423868894
0.456213623285294,-0.344855397939682,0.0621085443531128,0.059431253782674,0.335036968439817,0.572560149927934,-0.474907421446228,-0.242178882889621
0.551518976688385,-0.306765198707581,0.252238799199024,0.216926098020284,0.162977308159073,1.10989679594835,-0.787873150083127,0.0452825112515715
0.459629893302917,-0.360226899385452,0.139206085656586,0.147267802498097,0.19156443203489,0.737531910339992,-0.71768516888875,-0.132219282763467
0.568314373493195,-0.256862461566925,0.12229842806247,0.105023175801169,0.336873265355825,0.805913958946864,-0.472533501430554,-0.0937113380436348
2.02435374259949,0.303716212511063,0.22066764208726,0.0473378299876906,1.62378127773603,2.48325021068255,0.210527518496142,0.395020376317785
0.939779579639435,-0.0318652801215649,0.1380639113971,0.0661741154324087,0.67046047548453,1.21053096950054,-0.173626872529021,0.0829759041887985
0.92416650056839,-0.0369964800775051,0.0942905162667916,0.0528572293899561,0.745773455997308,1.09275146722794,-0.127393084084346,0.0385213970191326
1.38328766822815,0.13286617398262,0.260506112314368,0.084985603391323,0.885939084986846,1.91473310291767,-0.0525976831648804,0.282108206675179
0.400865614414215,-0.43350425362587,0.156564717438884,0.186154855181489,0.139809395497044,0.742779700954755,-0.854463683529658,-0.129139974292214
0.615683853626251,-0.218812718987465,0.11080105140528,0.0892460314448703,0.39552132015427,0.824036487936974,-0.402830104465267,-0.0840535734862575
1.54336428642273,0.187037289142609,0.0933969974526465,0.0440812630601236,1.39659292598565,1.69672336975733,0.145069837275185,0.229611041312788
1.66986167430878,0.220288127660751,0.181151007058695,0.0450789153031435,1.36419495840867,2.01076561013858,0.134876409661285,0.303361442711718
0.703153491020203,-0.163428574800491,0.15026523887019,0.0974219611212649,0.423198192566633,1.00648488601049,-0.37345624767632,0.00280723474914653
0.748236835002899,-0.137128442525864,0.161464130902542,0.102065404729453,0.427405118942261,1.05591511726379,-0.369160721139584,0.0236290072826252
0.709376931190491,-0.155727550387383,0.11105279170138,0.0836076799488926,0.497706510126591,0.915638076762359,-0.303026782684403,-0.0382761862436802
0.737521708011627,-0.158863514661789,0.243168964872771,0.15979604221663,0.288018478701512,1.24924233357112,-0.540579687757289,0.0966466922199379
0.407380551099777,-0.419065296649933,0.140144912799165,0.167776890897902,0.155302842582266,0.705159934858481,-0.80882060940585,-0.151712409762249
1.01585698127747,-0.0040010497905314,0.221142803519672,0.0990139894661916,0.591719047228495,1.45574464400609,-0.227884455887605,0.163085200606745
0.92382138967514,-0.0520567260682583,0.249734528974051,0.128889075493398,0.449881890167793,1.42204656998317,-0.346901489844691,0.152913755534577
0.740873038768768,-0.140138313174248,0.135145377951144,0.106862676088405,0.475971825172504,0.995109422504902,-0.32241882302344,-0.00212920631824172
0.505416572093964,-0.309357106685638,0.119341672831316,0.109160809599415,0.27829878355066,0.746560595929623,-0.555488692616215,-0.126935010410192
0.38625904917717,-0.434572458267212,0.114021627732617,0.143528196264979,0.171487534542878,0.612727792561055,-0.765767518552348,-0.212732792574482
1.44832301139832,0.153832226991653,0.255747778047584,0.0792842069146991,0.956137536962827,1.95469259619713,-0.0194796853264259,0.291078436299283
0.286644607782364,-0.576068103313446,0.103286665393576,0.183711622830215,0.0986886218190193,0.502281228701274,-1.00573367590425,-0.299053412301154
1.03648591041565,0.00905392784625292,0.168993331170975,0.0791260098719446,0.714962057769299,1.35589085320632,-0.145717025677097,0.132224728653281
1.15998709201813,0.0574708357453346,0.202920994650439,0.0792871552650572,0.759532882273197,1.56510815918446,-0.119453424962403,0.194544316166397
0.231417581439018,-0.669197738170624,0.0863018575250798,0.179391212411913,0.0822904270142317,0.412287223090728,-1.08465098930626,-0.384800127851139
0.748245298862457,-0.14206138253212,0.188990509892426,0.125155486320042,0.370137266814709,1.12046225368977,-0.431637331936293,0.0493971073382853
1.28257024288177,0.105302430689335,0.143070865340283,0.0496460501204141,1.01506704390049,1.56709080735842,0.0064947277385605,0.19509416298257
1.00948917865753,-0.00377262872643769,0.173661575466722,0.0902465054586388,0.677997617423534,1.34768273532391,-0.168771846148084,0.12958764168496
0.811026573181152,-0.106885597109795,0.207553510688906,0.122900209362334,0.417271402229865,1.23241956631343,-0.379581384332334,0.090758584706967
0.483194768428802,-0.336142420768738,0.140919674646913,0.137675277118082,0.222416062156359,0.765094038347403,-0.652833951439799,-0.116285182301311
0.236784636974335,-0.660736739635468,0.0907401171779391,0.182975112289715,0.0844852487246195,0.434443751474222,-1.07321916822257,-0.362066619957565
1.13017868995667,0.0492728427052498,0.138466131681026,0.0625762958056867,0.872789766391118,1.39620314240456,-0.0590903786923783,0.144948610934847
1.68060660362244,0.223207905888557,0.170582501066941,0.0444993015342316,1.35574803551038,2.02864790360133,0.132178859070355,0.307206673923281
0.538442432880402,-0.296356290578842,0.184367254870396,0.161438761314459,0.213998109598955,0.910747293134531,-0.669590081426936,-0.0406021171335775
0.678775608539581,-0.176962018013,0.131155561349446,0.0890071521239994,0.416275991251071,0.936839077373346,-0.380618698310341,-0.0283350042342062
0.715043723583221,-0.150133714079857,0.0966764555496843,0.0652675612776363,0.53115457346042,0.898358674844107,-0.27477921381282,-0.0465503683226464
0.566349148750305,-0.259470552206039,0.129849235955863,0.108080586961691,0.30660485898455,0.819399543603261,-0.513420989638178,-0.0865042887005494
0.643874406814575,-0.201492443680763,0.133051355939437,0.0981186457796769,0.374342856059472,0.903287888566653,-0.426730993853226,-0.0441738205748887
0.219888865947723,-0.691919088363647,0.0831934983769176,0.18017897564297,0.0762921386708816,0.398971944053968,-1.11752021068865,-0.399057724902641
0.870475709438324,-0.0731736421585083,0.205243298453118,0.108687972111359,0.486891085157792,1.27443076074123,-0.312568203091025,0.105316240957756
0.688437879085541,-0.170399934053421,0.130896719543057,0.0863044986931704,0.43796704163154,0.951758714516958,-0.358558703083028,-0.021473138009942
0.873119950294495,-0.0659365653991699,0.150193456730087,0.0806535798297402,0.575640960037708,1.16679780284564,-0.239848312402844,0.0669955996257574
0.451826453208923,-0.372958809137344,0.154757403945364,0.162193092881867,0.18409131343166,0.77291818211476,-0.734966745809782,-0.1118665416601
1.58533108234406,0.195579469203949,0.226797918802843,0.0633526766889929,1.15466235280037,2.05437207818031,0.0624550052040183,0.312679103716187
1.05786263942719,0.0229248218238354,0.0869626969983763,0.0365289402835054,0.890722693006198,1.2306798517704,-0.0502574831322285,0.090145082394752
0.708142817020416,-0.157020822167397,0.113358118022677,0.087735640783342,0.490452880163987,0.917755404611429,-0.309402732005575,-0.0372730508505461
1.80318892002106,0.252760201692581,0.220709285818888,0.0536290476499354,1.38459807833036,2.25429271062215,0.141323721216638,0.353010305445314
1.05273199081421,0.0108043178915977,0.235042281747701,0.102422293524684,0.610145429770152,1.53140621781349,-0.21456663745367,0.185090406029667
0.846835672855377,-0.081469938158989,0.170794837067402,0.0914066675372246,0.515988043447336,1.1892944286267,-0.287360362423112,0.0752893833883248
0.766742944717407,-0.138277903199196,0.238971086864038,0.146752258766327,0.34028751278917,1.24872218171755,-0.468153989362565,0.0964658167478972
1.28544819355011,0.10544653236866,0.162320355922585,0.0569395836710321,0.988765575985114,1.61113957762718,-0.00490666392248683,0.207133118211951
0.260385304689407,-0.617905497550964,0.0951682734918869,0.182663121285919,0.0934589374189576,0.462549250821273,-1.02937922207219,-0.334842102809088
0.295803725719452,-0.551798939704895,0.0889839202159215,0.148804349326813,0.122653404871623,0.469771014153957,-0.91132121801717,-0.328113789195441
0.711439669132233,-0.156434968113899,0.130770802769919,0.0919652875215431,0.452071197827657,0.963206611573696,-0.344793202044072,-0.0162805460603406
0.312731951475143,-0.524016678333282,0.0871845680986364,0.135821936528807,0.143937846149007,0.488835624108712,-0.841825004991192,-0.310837152277233
0.320701450109482,-0.524983286857605,0.112194176909532,0.175982720101152,0.117590586592754,0.555466582377752,-0.92962744346294,-0.255342065463689
0.796531319618225,-0.103590525686741,0.105723704254126,0.0708713968587248,0.597384905815124,0.991463522116343,-0.223746659568684,-0.00372326623486316
0.67028397321701,-0.187787994742393,0.160725222557941,0.115370330782192,0.352404850473007,0.981157337129117,-0.452958815394125,-0.00826141347247822
0.338924080133438,-0.504294991493225,0.12742029943375,0.181934457429811,0.116830068267882,0.619493506352108,-0.932446469148722,-0.207964086041047
1.88225448131561,0.270144313573837,0.268156970903463,0.0633975821429716,1.35188191135724,2.42017781535784,0.130938751445659,0.383847274520774
1.08104360103607,0.0249493401497602,0.210770965110338,0.0906042482195625,0.684828397631645,1.49281734625498,-0.164418956006754,0.174006671955486
0.519662618637085,-0.299081295728683,0.129801753570892,0.117219177574053,0.268818592528502,0.782306985060374,-0.570540957247982,-0.106622792509384
0.914176046848297,-0.0446191392838955,0.129397374247862,0.0783431761800128,0.677352815369765,1.15759198566278,-0.169185066860749,0.063555496310777
0.215501025319099,-0.689988076686859,0.0684863410056535,0.147449398220852,0.0945968479538957,0.359348870068789,-1.02412350254331,-0.444483812292822
0.866795480251312,-0.0694955438375473,0.155206653940046,0.0820441945398571,0.570602932572365,1.17030432621638,-0.243666256558217,0.0682987954075062
1.5925487279892,0.198069095611572,0.215173719343791,0.0594943101107274,1.18472189803918,2.02034163872401,0.0736164075405525,0.305424814627392
0.3808573782444,-0.425464510917664,0.0603394454532472,0.0769568127750591,0.256465851763884,0.491940150409937,-0.590970500982284,-0.308087750264143
1.93967795372009,0.282950401306152,0.287855502280364,0.0647146273655583,1.40428190231323,2.51926675637563,0.147454216669273,0.401274144730977
0.182871282100677,-0.776216864585876,0.0750833116926985,0.189394125649332,0.0634052370985349,0.350195002555847,-1.19787548309555,-0.455690112607076
0.664927423000336,-0.204663127660751,0.220871582557479,0.163540401094444,0.255403515944878,1.12546356817087,-0.592773179792544,0.0513314140908084
0.874193847179413,-0.0614761710166931,0.0978970087090358,0.054561375887697,0.687807686130206,1.05720566014449,-0.162533081469016,0.0241594757509721
1.06724667549133,0.0261887237429619,0.0952518929023711,0.0458732089243919,0.895912394920985,1.24293243189653,-0.0477344605215722,0.094447520158462
1.21809780597687,0.0815327614545822,0.166342514440551,0.0605777404160206,0.885624786714713,1.54966456592083,-0.0527502371147326,0.190237702556649
0.511861562728882,-0.306112498044968,0.13051904006065,0.118676956198565,0.263215357810259,0.774809813996156,-0.579688813626388,-0.110804889026566
1.12550795078278,0.048911340534687,0.11316984552283,0.048059406235822,0.910476020971934,1.33433811167876,-0.0407314877088275,0.125265890323171
1.19580292701721,0.0712975934147835,0.201135798802731,0.0753058976577686,0.801049003501733,1.59053315420946,-0.0963409495331403,0.20154271290179
0.502710342407227,-0.311516553163528,0.117811662724097,0.108588786148953,0.27660230944554,0.736000316341718,-0.558144228236381,-0.133122011656599
0.375703275203705,-0.448122084140778,0.118390551952326,0.146121491129004,0.164851970722278,0.620287525157134,-0.782905909465777,-0.207407062029182
0.251591771841049,-0.61946427822113,0.0705875606170807,0.140943206938001,0.10903096050024,0.390199529379607,-0.962450303780836,-0.40871337795164
1.50153648853302,0.173673078417778,0.149114289343976,0.0569696161938771,1.24334651529789,1.77432740926743,0.0945921785097392,0.249033757124276
0.267224550247192,-0.610226213932037,0.102015804155648,0.192767093480625,0.0882115214442213,0.485283298045397,-1.05447482996167,-0.314004662560775
0.718436419963837,-0.150575712323189,0.12530147437395,0.0792351407243713,0.476760664582253,0.958397121727467,-0.32169961226736,-0.018454547708354
2.34682726860046,0.366990089416504,0.301061821409177,0.0549272514285135,1.81367281973362,2.96032622456551,0.25855894034341,0.471339569156274
0.27331867814064,-0.587145984172821,0.0818139587285775,0.155886603011122,0.108703667173783,0.433741434415181,-0.963756118949374,-0.362769089804836
0.788285970687866,-0.108150124549866,0.114802886219307,0.0659248736968275,0.565759947896004,1.01267219980558,-0.24736780377336,0.00546888673752708
1.23737740516663,0.0897812098264694,0.107507186305682,0.058999676093454,1.06044733921687,1.41361197630564,0.0254890754268005,0.150330215909618
2.5803120136261,0.408591210842133,0.312407193708201,0.0515208284550396,2.03277216156324,3.22325189113617,0.308088704181904,0.508294245971254
0.855989456176758,-0.0734229683876038,0.129019326408136,0.0778682572982247,0.615107622245948,1.10337564448516,-0.211048891313454,0.0427233927547571
0.515846312046051,-0.292982846498489,0.0812832871896392,0.0698803462674937,0.362502374003331,0.67592865228653,-0.440689165368182,-0.170099143634636
0.241691917181015,-0.654139816761017,0.0953334949383389,0.189983520153879,0.0823692344129086,0.445427199204763,-1.08423533147652,-0.351223287577548
0.578105330467224,-0.246852591633797,0.11430307453627,0.0894061189941865,0.360766092439493,0.798109678427378,-0.442774294457854,-0.0979374231581625
3.34652066230774,0.522855937480927,0.307565993635881,0.0384470118770312,2.82884812951088,3.97089453538259,0.451609619397637,0.598888347049971
0.712495565414429,-0.152908623218536,0.112884731864888,0.0714072495407247,0.496281675746044,0.934028600156307,-0.304271760226247,-0.0296398380150744
0.28840559720993,-0.569051682949066,0.101160758744411,0.165275032596559,0.115852460203071,0.50310038626194,-0.936095533213579,-0.29834547345011
1.57391977310181,0.194900333881378,0.151101303385169,0.0432312907361131,1.29556977252165,1.87336695094903,0.112460655711847,0.272622847688359
1.12849831581116,0.0487819127738476,0.133793364406951,0.0623246579467065,0.883970943590005,1.38416378398736,-0.0535620106752248,0.141187481192845
1.96393060684204,0.287904858589172,0.302276597463501,0.0678396151976964,1.39630215664705,2.56820375521978,0.144979400560247,0.409629464176026
0.607137560844421,-0.235632330179214,0.169074609925631,0.133964416696769,0.28163885747393,0.946837405860424,-0.550307862875785,-0.0237245943870673
0.731704294681549,-0.143742218613625,0.137197209071131,0.0854618362920367,0.459666633605957,0.999746738870939,-0.337557023568634,-0.000110007205664645
1.03045892715454,0.00872533768415451,0.138599900923077,0.0633116045899823,0.75811508645614,1.29844738642375,-0.120264873459357,0.113424350650832
1.77998316287994,0.248624444007874,0.158736166876994,0.0400240800319358,1.48368260860443,2.09777437249819,0.171340991367226,0.321758759595434
0.494877547025681,-0.327732264995575,0.150964687862479,0.144218422020387,0.219842851658662,0.808352811137835,-0.657887952357698,-0.0923990482245723
0.748965263366699,-0.130377218127251,0.107925638322398,0.0665148590188058,0.53466974546512,0.956316065291564,-0.271914427043033,-0.0193985768969195
1.34670758247375,0.126095563173294,0.154765311331819,0.0547811714973964,1.05711159606775,1.64415927330653,0.0241208363824174,0.215943881760448
0.50551438331604,-0.309643447399139,0.119891124535381,0.111280259500234,0.267699303974708,0.742458827296893,-0.572352762115404,-0.129327624944798
1.54595601558685,0.186619102954865,0.164647484275439,0.0483349474922221,1.23953104217847,1.87279395163059,0.0932574065999125,0.272489995912021
0.745327234268188,-0.142260566353798,0.184002998446181,0.116775368142472,0.391020448505878,1.10991200308005,-0.40780074101131,0.0452885474222963
0.577023208141327,-0.255318105220795,0.142451765948724,0.131771524022922,0.294271724671125,0.85761244148016,-0.531257328646797,-0.066708927454729
0.483058452606201,-0.333336174488068,0.128024350152418,0.128771595995478,0.23553357621034,0.733398475249608,-0.627947290978866,-0.134659997399261
1.09927976131439,0.0355801284313202,0.171863084076589,0.0702891741579277,0.758961090942224,1.43394523064295,-0.119780638980365,0.15653255908339
0.404051870107651,-0.399219512939453,0.0631119047228358,0.0716241479757655,0.274905204027891,0.524087104201317,-0.560817107166546,-0.280596706038658
0.239986598491669,-0.657376706600189,0.0989720628859657,0.186422780224089,0.0855626722797751,0.460404134790103,-1.06771604711271,-0.336860801049363
0.327211976051331,-0.497410833835602,0.0722240057513867,0.108941628847596,0.181126787637671,0.463949310282866,-0.742018529353213,-0.333529466572301
1.33543753623962,0.122073657810688,0.137645286238193,0.0659999655315732,1.1099117676417,1.57029381791751,0.0452884364184225,0.195980907570953
0.85872745513916,-0.0690256133675575,0.0842076925439408,0.0581853081648126,0.706201633810997,1.01059357623259,-0.151071287934553,0.00457653230850202
0.324561417102814,-0.525450468063354,0.124897307442781,0.190272966109028,0.112252481033405,0.589454392592112,-0.949804072484007,-0.229549820762227
0.386433362960815,-0.442765444517136,0.138117305910276,0.166986844607538,0.154397117843231,0.682944125930468,-0.811360823953706,-0.165614851700588
0.650926470756531,-0.19375404715538,0.0964484290681263,0.0947291776944997,0.468767646948496,0.81593608011802,-0.329042369764906,-0.088343866047945
0.696061968803406,-0.172224372625351,0.176178493925207,0.116757027421432,0.363295252124469,1.04753770828247,-0.439740646515076,0.0201696649397872
0.459261924028397,-0.359456807374954,0.136357559207311,0.143239492708838,0.198613123099009,0.738243251045545,-0.701992061329926,-0.131800562509019
1.08396100997925,0.0328875295817852,0.102033554338836,0.0448134191131506,0.889798125127951,1.27936049203078,-0.0507085343865735,0.106992926763435
3.02604126930237,0.478822767734528,0.306084146159113,0.0415947732847906,2.52896802226702,3.63427654703458,0.402943337907945,0.560417971371664
0.722436428070068,-0.143718689680099,0.0774251436136344,0.046968411711847,0.571572495500247,0.87739581267039,-0.242928689519273,-0.0568044425924769
0.755783140659332,-0.134250372648239,0.173953707475509,0.108437608394514,0.412496873736382,1.0921886831522,-0.384579338606603,0.0382974404640379
0.570702970027924,-0.261913955211639,0.151003468276291,0.135568487054936,0.260345899810394,0.865836370488008,-0.584449284970637,-0.0625641913510445
0.359380483627319,-0.468271106481552,0.114051816551029,0.149607340148952,0.155266186470787,0.595509286224842,-0.808923114204605,-0.225111575664843
0.266061097383499,-0.605647802352905,0.0967101328528421,0.169689633617722,0.100190211397906,0.471091778576374,-0.999176324266512,-0.326894482535653
0.657495021820068,-0.187726691365242,0.103492261841215,0.0709081493378007,0.457377194364866,0.858087293803692,-0.339725497886939,-0.0664685490198593
0.68643319606781,-0.180877044796944,0.180679320644742,0.129981440906629,0.325636447717746,1.02949282228947,-0.487267185939039,0.0126233228546034
0.331652939319611,-0.513814568519592,0.126085057224865,0.180941096107048,0.11655649493138,0.605928838253021,-0.933463551719414,-0.217578377432315
0.273659616708755,-0.583949029445648,0.0799725522791687,0.142770682907146,0.119417673783998,0.431965280820926,-0.922931464985433,-0.36455128511431
0.603591501712799,-0.246103167533875,0.198738060508642,0.161326979201268,0.236881191283464,1.01569312612216,-0.625469639092564,0.00676249765333688
1.84294629096985,0.261454820632935,0.250109961287802,0.0598156481253695,1.37201960384846,2.34324558973312,0.137360316637904,0.369817802328099
0.528438150882721,-0.282266199588776,0.0804033797436016,0.0686740919477888,0.370488283783197,0.682597242295742,-0.431225523466121,-0.165835471757898
1.16130316257477,0.0559895858168602,0.229405650603802,0.0900616077654214,0.72793272236983,1.61845282812913,-0.137908762766156,0.209100012854094
0.977046608924866,-0.0137823177501559,0.127459426132066,0.0568583042174199,0.732676963508129,1.2268977701664,-0.135087474618567,0.0888083770669022
0.485855132341385,-0.324685364961624,0.105094869513253,0.101966531098681,0.274270103375117,0.689143555859725,-0.561822184385213,-0.161690327112691
0.446566075086594,-0.371821999549866,0.134153524010787,0.142954147614568,0.199641119812926,0.716415394842625,-0.69975051334238,-0.144835102552486
0.834660232067108,-0.0865108817815781,0.156570570636835,0.0849780580656089,0.530801775554816,1.1439629226923,-0.275067633598366,0.058411910701786
1.30575025081635,0.11379174888134,0.126835379650697,0.0425528028307003,1.07288471857707,1.55945005118847,0.0305530595228667,0.192971468776273
1.52132856845856,0.168751686811447,0.363440960468274,0.111519757358739,0.82054738899072,2.24286977847417,-0.0858964648076211,0.350804022340716
0.491706639528275,-0.320059776306152,0.105788571619921,0.107658840121987,0.28196507965525,0.693607927362124,-0.549804682565924,-0.158885959504728
0.579088091850281,-0.248266652226448,0.122773574643327,0.10269711438815,0.335858474920193,0.820955824355285,-0.473843934132432,-0.0856802417748372
0.178870767354965,-0.779926776885986,0.066596799131972,0.174832006269727,0.0669373758137226,0.325397830704848,-1.17433137400764,-0.487585369544233
0.839248955249786,-0.0803835019469261,0.10613605651559,0.0664434924596845,0.635890384515127,1.03303023179372,-0.196617764057858,0.0141130118674373
0.313693761825562,-0.529126763343811,0.101649398491025,0.156266813565664,0.126015336066484,0.519738408426444,-0.899577086987553,-0.284215238211799
1.38161730766296,0.136697262525558,0.17857602764917,0.0569921347962333,1.03755109409491,1.73778854906559,0.0160094923909176,0.239996930952785
0.447458982467651,-0.370543271303177,0.132697693907554,0.142126648845519,0.196183760960897,0.718655445675056,-0.70733698039287,-0.143479396484873
2.32187151908875,0.364634096622467,0.180842728806548,0.0317344864997567,2.03782160480817,2.66774239341418,0.309166162277573,0.426143778955039
0.323737919330597,-0.519354343414307,0.111815440077959,0.168741720932508,0.119893972824017,0.550216860572497,-0.921202656925494,-0.259466105662408
1.72467577457428,0.234491303563118,0.173596254282621,0.0440551061780321,1.39519657095273,2.07336525519689,0.144635398577871,0.316675816487861
0.469221383333206,-0.362698972225189,0.178665415901891,0.179434972035064,0.174631812050939,0.860436618328094,-0.757876640953706,-0.0652811152540991
3.87929725646973,0.58660876750946,0.41433082739253,0.0420023564845045,3.24815944830577,4.6432315826416,0.511637268122154,0.666820344457682
0.681019067764282,-0.175533771514893,0.126433084985017,0.092715461082806,0.437199518581231,0.929916356503964,-0.359320326144634,-0.0315561139209359
0.333373814821243,-0.498018801212311,0.0948991039812032,0.145058039166844,0.146482079972823,0.521017463505268,-0.834215524977128,-0.283147719795508
0.550061702728271,-0.281013935804367,0.163434563987866,0.142745455440727,0.237369776889682,0.887209279835224,-0.624576820709929,-0.0519739287088485
0.980872094631195,-0.00990141183137894,0.0832268125995275,0.0360869941953129,0.828728531797727,1.13737634817759,-0.0815878675729666,0.0559041918328321
1.69191205501556,0.225581035017967,0.190822499398357,0.049540854050914,1.3368499070406,2.07143619259199,0.126082645545012,0.31627154893748
0.247231498360634,-0.632091522216797,0.0799877045866726,0.155139631522328,0.100608361884952,0.409142752736807,-0.997366715657843,-0.388125141859778
1.46340525150299,0.162161380052567,0.170249967513102,0.0546670177113957,1.14065272510052,1.78944790661335,0.0571534394336064,0.252719056785358
1.04217123985291,0.0091659389436245,0.203206742785029,0.089289912163449,0.650652942061424,1.44836392800013,-0.186650624770235,0.160877699763521
0.507681369781494,-0.31008768081665,0.128046382940347,0.12269241124937,0.260725659628709,0.764735826353232,-0.583816251006559,-0.116488566897344
0.927535653114319,-0.0354930981993675,0.0777050773004079,0.0631892598248572,0.804521609842777,1.04963193237782,-0.0944622874147646,0.0210370334029228
0.350235402584076,-0.46663436293602,0.0759365254553516,0.100709510560817,0.198214654376109,0.501190972824891,-0.70286485274557,-0.299996759881979
1.23647046089172,0.0902763083577156,0.118983301663833,0.0403370468493951,1.02924781839053,1.45811458726724,0.0125199423456933,0.163791652748648
0.46267494559288,-0.347456753253937,0.107019142002022,0.108738948641414,0.254214780777693,0.678565388917923,-0.594799328770638,-0.168408296121246
0.719205796718597,-0.147296339273453,0.0900554805441718,0.0654938298010046,0.545597113668919,0.890931535263856,-0.263127935918541,-0.0501556740937517
2.93535017967224,0.464611083269119,0.361473652169675,0.050780530154188,2.33926088809967,3.65756837725639,0.369078656568416,0.563192453806948
2.75101041793823,0.437114298343658,0.28989070090492,0.0453916327320318,2.22379667361577,3.34988011717796,0.347095074772845,0.525029264284745
0.855985522270203,-0.0828213393688202,0.218505654787788,0.118793878009236,0.448840782294671,1.29579436182976,-0.347907829784574,0.11253607982642
0.59306788444519,-0.242579862475395,0.151863631492125,0.121081067005587,0.29919132689635,0.9021364291509,-0.524051756591233,-0.0447278275223303
0.527800440788269,-0.297113865613937,0.149590550077459,0.136624065036925,0.244015962009629,0.836504661540191,-0.612581764765059,-0.0775317816539501
1.86725294589996,0.269050925970078,0.189237107678705,0.0429880751696287,1.53654762506485,2.24395356575648,0.186546025209135,0.351013865677838
0.46979945898056,-0.335539281368256,0.0842602628502794,0.0821802540085152,0.302604260792335,0.630323193967343,-0.519124966481222,-0.200436737334231
1.02508974075317,0.00678249448537827,0.132953673952588,0.0608335407537414,0.776687947909037,1.2796852260828,-0.10975343957717,0.107103154988616
1.51900792121887,0.178625255823135,0.176097140986127,0.0506800367323614,1.18736244638761,1.87298302352429,0.0745832650516525,0.272533809810751
0.195464074611664,-0.746928095817566,0.0835328578878067,0.186902066347069,0.0684728499501944,0.37179904182752,-1.16448162913516,-0.429691995668314
1.81587553024292,0.25248110294342,0.316130812579831,0.0761750018871844,1.24308880766233,2.47213400006294,0.0945019707361065,0.393072007446675
1.51734399795532,0.17875063419342,0.153545451239455,0.0459349720204166,1.23346939285596,1.82411101659139,0.0911283755619223,0.261051264910227
0.270245730876923,-0.606539011001587,0.11211016020018,0.188856108378973,0.0939459505180518,0.508453666170438,-1.02712206806799,-0.293748632090391
0.523786306381226,-0.304320901632309,0.158992370432539,0.153109673054126,0.230583380535245,0.838251976668835,-0.637172054518335,-0.0766254152930925
0.685346662998199,-0.173359021544456,0.124882318563144,0.0998445427554183,0.439566794534524,0.915906865398089,-0.356975125260909,-0.0381486877859631
1.78332185745239,0.249285817146301,0.175681175779335,0.0404957898373155,1.489341066281,2.10083073178927,0.17299416234571,0.322391050984145
0.624964892864227,-0.20661972463131,0.0646119580969094,0.0473987333599104,0.493739359329144,0.746871531009674,-0.306502261683817,-0.126754094532411
0.678321659564972,-0.193364322185516,0.216981036348631,0.153455668430363,0.283696287622054,1.13056782186031,-0.54714664970411,0.0532966202672452
0.910151660442352,-0.0452208146452904,0.125768089790661,0.0623398177291889,0.659241132934888,1.16034878790379,-0.180955856045187,0.06458851240666
0.958274722099304,-0.0228228606283665,0.127313008430057,0.0641288765266304,0.713864056269328,1.20364854137103,-0.146384484758198,0.0804996925475475
0.244613543152809,-0.651369273662567,0.100384691448976,0.195647277020653,0.0830324100951354,0.460514971862237,-1.08075257523998,-0.336756246937031
0.513867974281311,-0.301880776882172,0.119345707345171,0.108474017763493,0.281265583882729,0.753430231412252,-0.550883406103949,-0.122956989462295
0.668788313865662,-0.206715792417526,0.241219230849055,0.176016057331826,0.239980791012446,1.16632905602455,-0.619823640115943,0.0668210950442508
0.17067763209343,-0.792176425457001,0.0539729037118012,0.152316439454777,0.0717726591353615,0.277637522667647,-1.14404283213476,-0.556521903088169
3.48410201072693,0.536103427410126,0.588516257308647,0.0719863838396168,2.45250291824341,4.68888937234879,0.389609466632865,0.671069961595799
1.26489889621735,0.0966124385595322,0.184723966712968,0.0734974640427821,0.910325884819031,1.60829281906287,-0.0408031115570736,0.206365072920091
0.80134654045105,-0.108887404203415,0.161268333318806,0.124185662541333,0.492609587311745,1.08985271453857,-0.307497742399582,0.0373678099647146
0.856925368309021,-0.0818780437111855,0.212526824253883,0.117834052023181,0.441827663779259,1.27235326568286,-0.354747097392245,0.104607662209399
0.692948162555695,-0.18616084754467,0.224364794376843,0.163490051706556,0.277637679378192,1.13406946063042,-0.556522756976748,0.0546396431354325
0.206408232450485,-0.709983944892883,0.0648237467556396,0.155333069680704,0.0857311364263296,0.33990813344717,-1.06686148639307,-0.468638446891558
1.26672399044037,0.0989215821027756,0.147735289959669,0.0631230081524883,1.00126991470655,1.5357872903347,0.00055111026408227,0.186331066226185
0.315412670373917,-0.517546653747559,0.0807680150613997,0.126059416205551,0.157171681026618,0.472295425335566,-0.803625704778042,-0.325786263498737
0.570711314678192,-0.253897815942764,0.120258515650512,0.0970236026895513,0.335820520917575,0.81110526273648,-0.473892850342446,-0.090923132269989
0.808338463306427,-0.0975703299045563,0.121929575853754,0.0680326658659227,0.576452894012133,1.04456553161144,-0.239236445718194,0.0189356903452332
0.554449737071991,-0.279214322566986,0.172287424485805,0.147129697322808,0.243399942542116,0.912989953160286,-0.613679616217167,-0.0395340107425409
1.26476383209229,0.0944476872682571,0.188480159744958,0.0991466000817802,0.924453028043111,1.60635118881861,-0.034115222244044,0.205840490390138
1.89190101623535,0.275614798069,0.156361021891856,0.0324222788010006,1.66511945327123,2.15144549608231,0.221445394326361,0.332730347932951
1.87692594528198,0.272689312696457,0.10964036578865,0.0259546103794511,1.68794782161713,2.09725534121195,0.22735901549345,0.32165130823015
1.13687944412231,0.0525512993335724,0.136023394808073,0.0527716897587539,0.872020003696283,1.40394351581732,-0.0594736443962741,0.14734963394351
0.698080897331238,-0.16257718205452,0.113700600235788,0.078522170325414,0.470285615324974,0.918132658302784,-0.327638668069086,-0.0370945700841998
0.342062056064606,-0.489147692918777,0.10611450780886,0.148326901592649,0.146621070553859,0.564437526464463,-0.833803723361253,-0.248384273141769
0.483747065067291,-0.328818202018738,0.110081028788314,0.115669093230356,0.258482507119576,0.691059064865112,-0.587569286811776,-0.160484833006745
2.10367965698242,0.318051874637604,0.311863549142671,0.066225739177731,1.51598402659098,2.72628435095151,0.180694535066708,0.435571107783414
0.925904870033264,-0.0412004590034485,0.16905321413018,0.0843446594232007,0.598006857434909,1.26056551039219,-0.223294143500151,0.100565414780847
0.543553948402405,-0.296108514070511,0.198473705908601,0.171963403464779,0.20767955519259,0.95658668279648,-0.682606755854888,-0.0192761346673262
0.958167493343353,-0.0207913443446159,0.0955476081177478,0.0445837507166183,0.772145688533783,1.14478424787521,-0.112300758069552,0.0587236195457001
0.873811721801758,-0.061455711722374,0.0998160564792828,0.0502300401147664,0.679515526195367,1.06670083304246,-0.167800620558517,0.0280426239838621
1.7929435968399,0.249358102679253,0.252960703947441,0.0603397946628251,1.34397742251555,2.29870954354604,0.12839196700451,0.361484098818463
0.826925218105316,-0.0882492810487747,0.128233120237812,0.0727484816250608,0.565342506766319,1.06976204812527,-0.247688361826919,0.0292871465656052
0.185704201459885,-0.760728716850281,0.065336780632059,0.167863735372793,0.0725569467991591,0.321521348009507,-1.13932133242485,-0.492790330210619
0.169992566108704,-0.802289664745331,0.0632933466734701,0.175469758293265,0.0637153587614497,0.308626857896646,-1.1957559491871,-0.510566484546856
0.3257996737957,-0.514929711818695,0.110300406692755,0.16320787085996,0.130939553429683,0.550323438147704,-0.882929194467964,-0.259382419999259
0.234967216849327,-0.657469391822815,0.080840983810183,0.164914157258578,0.0922787916536132,0.399459811796745,-1.03489810542306,-0.398527276715783
0.397891163825989,-0.418886125087738,0.107880989724512,0.134827772268023,0.177946312104662,0.607076448202133,-0.749712408787232,-0.216756619126794
0.6006218791008,-0.232562214136124,0.13159798941966,0.101068952672025,0.345010119179885,0.854689160486062,-0.462168167170025,-0.0681918041237507
1.08199393749237,0.0290344506502151,0.164904178146972,0.0678675671216962,0.772097241878509,1.40997145573298,-0.112327999918026,0.149210315858898
1.0578693151474,0.0236683487892151,0.0630856397344217,0.0257146068808656,0.938366749882698,1.18119719922543,-0.0276273914397697,0.0723224085033659
0.8021320104599,-0.104073964059353,0.147975302433324,0.0890443210285754,0.513237279156844,1.09009854594866,-0.289682107642175,0.0374657603501982
0.629231572151184,-0.214730128645897,0.149427787299995,0.112585066052583,0.335826599349578,0.922584562003613,-0.473885372071917,-0.0349938172895354
0.441176503896713,-0.379280984401703,0.137598673408599,0.151089388745946,0.183500894159079,0.723276161650817,-0.736361855768212,-0.140695867438534
1.35340893268585,0.127957403659821,0.155760080454471,0.059290239260601,1.06506080230077,1.63912443518639,0.0273744013726827,0.214611874799653
0.152058705687523,-0.850345730781555,0.0571817170278223,0.174504742005277,0.0573882249183953,0.272422883907954,-1.24117721216693,-0.564756509435894
0.557578086853027,-0.265058040618896,0.119102288159806,0.104408123391182,0.315367132176956,0.782176059981187,-0.501183574693724,-0.106695519010586
0.688238263130188,-0.166391015052795,0.0916923831183486,0.0613716406180813,0.5099469602108,0.868413693706195,-0.292474997056687,-0.0612733370566938
1.34710264205933,0.128400892019272,0.0918624268495432,0.0294533267475929,1.17937297523022,1.52957108815511,0.0716511691513113,0.184569664903086
0.433311134576797,-0.382183521986008,0.121553015406337,0.133565548937409,0.202667030319572,0.670518016815186,-0.693216913331049,-0.173589580611779
0.284886926412582,-0.571337342262268,0.0910408613311551,0.160131091956393,0.110093529274066,0.473233973234892,-0.958238236805051,-0.324924086233393
0.61875331401825,-0.224367022514343,0.160034278619359,0.121502513236722,0.30881008207798,0.939076874653499,-0.510308554288943,-0.0272988712285626
1.24630951881409,0.0927048549056053,0.140981546706543,0.051367758704226,0.977557131648064,1.52327780326207,-0.00985793737713016,0.182779110819952
1.3709704875946,0.134311199188232,0.152735963310705,0.0487730788849065,1.08397991855939,1.67703440388044,0.0350212357866123,0.224541904313117
0.312632739543915,-0.534435153007507,0.107004460058832,0.17035063548493,0.117445649703344,0.529446384807428,-0.930172954394159,-0.276178023313947
0.384425550699234,-0.438644468784332,0.123343247029159,0.146935455075195,0.170818098510305,0.642344209551811,-0.767466174971691,-0.192232187942116
2.93245220184326,0.463173776865005,0.40087262426326,0.0595236619045635,2.19154515663783,3.78323433995247,0.340750421745925,0.577863239223035
0.600699782371521,-0.225536599755287,0.0821473939977189,0.0610259831210984,0.438717664281527,0.763547464211782,-0.357814890491656,-0.117163966058923
0.307620197534561,-0.535805940628052,0.0916263436996947,0.158294462987439,0.134246612091859,0.49132364243269,-0.8720973539577,-0.308632359671363
0.463288962841034,-0.354643911123276,0.134242202321884,0.139657467103351,0.211474854747454,0.736927907168866,-0.674741343147185,-0.132575113443546
0.933400392532349,-0.0432631149888039,0.22249677870058,0.110885623266793,0.506089543799559,1.38868179321289,-0.295772663125535,0.142602741333948
0.652189671993256,-0.200352311134338,0.162342719385953,0.117059474789633,0.341442099461953,0.976879271864892,-0.466682969693009,-0.0101593403810781
0.690059304237366,-0.16887791454792,0.123791568004884,0.0855176460942792,0.444680367906888,0.927349006136259,-0.351952044939453,-0.0327569261180468
0.487911373376846,-0.335137009620667,0.145806779884966,0.154402829260302,0.195708264907201,0.778265477220218,-0.708391606643344,-0.108872407803195
0.437444239854813,-0.377743273973465,0.124599339939104,0.131480160779957,0.211163609599074,0.686381798982621,-0.675381008372743,-0.163434384567178
1.54157710075378,0.184278637170792,0.202383660095831,0.056620672427686,1.17468641897043,1.93898178537687,0.0699219440397851,0.287573728585936
0.499426960945129,-0.312077134847641,0.106251036239227,0.0982999946294455,0.286374607682228,0.710724610090256,-0.54306549342096,-0.148298752578927
1.35022521018982,0.124680161476135,0.157317982034414,0.0919509821733667,1.08522197405497,1.6116578300794,0.0355185639488556,0.207272841897275
1.71545565128326,0.232042163610458,0.176997228098975,0.0452587052946502,1.37143599887689,2.06764286955198,0.137175544780057,0.315475527465249
1.88394391536713,0.272339731454849,0.211854486836841,0.0487208069184513,1.48602971831957,2.31477955182393,0.172027484689193,0.364509627839141
0.521192312240601,-0.307134658098221,0.162278770507538,0.152740048647037,0.213673468927542,0.845346000293891,-0.670249920358754,-0.0729655023453378
0.695429682731628,-0.160114705562592,0.0697641280837049,0.0467298689858502,0.562439268330733,0.826787361502647,-0.2499243791718,-0.0826061710243451
0.41098427772522,-0.395854264497757,0.0801914593541584,0.0969517376974908,0.248327082892259,0.561465752124786,-0.604975918414823,-0.250676729395862
0.518089056015015,-0.299277365207672,0.115721034589905,0.119837341895735,0.280268534272909,0.737446689605713,-0.552425690765437,-0.132269385363046
2.02383780479431,0.300639271736145,0.325974170362908,0.0694750511833368,1.43433777491252,2.66508931120237,0.156651433707984,0.425711755089021
0.859167158603668,-0.0746799483895302,0.168554195080653,0.0888525248577461,0.532707466681798,1.19683625400066,-0.273511234174447,0.0780347341883861
0.906365752220154,-0.0455346889793873,0.102480608309518,0.0500331668075559,0.706604212522507,1.10582268238068,-0.150823777995965,0.0436854938426654
0.571447908878326,-0.249611958861351,0.0957144175893126,0.0777186764867072,0.377123852074146,0.759879284600417,-0.423515998774217,-0.119255399659071
1.23839426040649,0.0891838893294334,0.161063485692849,0.0566659122779421,0.94232125778993,1.57186079223951,-0.0258010244027402,0.196414081029281
0.892943263053894,-0.052677795290947,0.112443477451848,0.0555106986622321,0.68119186659654,1.11452037394047,-0.166730567113348,0.0470880119881009
0.71294116973877,-0.153723150491714,0.122969353188437,0.0779887829818655,0.466620855530103,0.950426669418812,-0.331035920176437,-0.0220813904434391
0.271863162517548,-0.597069084644318,0.0997684041415087,0.171292945008769,0.100014166409771,0.495273839930694,-0.999938488866573,-0.305154729756908
1.11235857009888,0.0266167875379324,0.316470292756697,0.136262985505307,0.505054292082787,1.73838132123152,-0.296662796834195,0.240145046843966
1.08123910427094,0.0302899740636349,0.138522120999571,0.0565814601255752,0.820367907981078,1.36457404990991,-0.0859913385389433,0.134997104815778
0.727565228939056,-0.147824078798294,0.149132425743272,0.0939307853902989,0.441314323743184,1.02989651560783,-0.355251997017729,0.0127935654030115
1.06896710395813,0.0220747143030167,0.187760678519085,0.0782453950413989,0.714370727539062,1.44309023221334,-0.14607634965243,0.159293486017239
1.33158028125763,0.123462826013565,0.0833188428673167,0.0287370449934892,1.17928007344405,1.49632367789745,0.0716169589042914,0.1750255433594
1.24722111225128,0.0923917144536972,0.158002343336591,0.0559587687244263,0.934609846770763,1.57572102546692,-0.0293697315847292,0.197479330015945
0.914486348628998,-0.0490444973111153,0.193413543820047,0.0960891732234705,0.547595841685931,1.30668289065361,-0.261539888834261,0.116170193037745
1.33484184741974,0.123354099690914,0.130488125281832,0.0425504335748891,1.09230704605579,1.60846795638402,0.0383447304552446,0.206412413318745
0.571429312229156,-0.258186191320419,0.147904814297905,0.117814350455143,0.305299556503693,0.854932068785032,-0.515273895669321,-0.0680683932767693
1.47654688358307,0.167133748531342,0.137444104678666,0.0452226386961944,1.22942691445351,1.744775501887,0.0897027055883367,0.241739554205076
0.661071479320526,-0.189202800393105,0.106537708813473,0.111097552969448,0.467538104454676,0.844754521052043,-0.330183618708596,-0.0732694782402973
1.23214113712311,0.0871930569410324,0.128351615037349,0.0647738129843348,1.00906386574109,1.45585322876771,0.00391862705527548,0.16311759162448
1.20425224304199,0.0749852880835533,0.201429553877397,0.070255703636638,0.855642782648404,1.57953250507514,-0.0677075096951947,0.198528565209106
1.38430285453796,0.138267040252686,0.114485676468701,0.0661723069218543,1.20417954524358,1.57023558219274,0.0806912457494523,0.195964803648543
1.49956214427948,0.174200251698494,0.135267401617597,0.0391922865902482,1.24331059853236,1.77714194258054,0.0945796079920717,0.249722116572804
0.796591103076935,-0.103561878204346,0.114982418434509,0.0659208332428375,0.577141648034255,1.01548004150391,-0.238717585784411,0.00667139209345951
0.222650855779648,-0.690962433815002,0.0927784466645992,0.18947807619628,0.0758710912118356,0.426063455144564,-1.11992417785409,-0.370525728474811
0.287717372179031,-0.566196382045746,0.0904265038607549,0.157590911877878,0.112208827212453,0.471884377549092,-0.949974345941735,-0.326164418091416
0.306825906038284,-0.537268996238708,0.096930366699134,0.151141342756479,0.130207751691341,0.505728493134181,-0.885363278242468,-0.296082579438819
2.22342538833618,0.344251811504364,0.251463169721939,0.0491147355729255,1.76504248082638,2.74660277167956,0.246755162216796,0.438795840548678
0.578277409076691,-0.248345896601677,0.122213878131904,0.0980627896208586,0.336001049230496,0.820753307640553,-0.473659366956357,-0.085787363321207
0.59694367647171,-0.229878708720207,0.0935553924995888,0.0732644778347123,0.410603768130143,0.774051233629386,-0.386577071180506,-0.111230295196316
0.736028134822845,-0.144904583692551,0.165882472327036,0.103846049616512,0.418229849139849,1.06525647739569,-0.37858497972288,0.0274541644728424
2.43985772132874,0.381200283765793,0.409816110444669,0.0736068073815611,1.68586492836475,3.30602028767268,0.226822773771076,0.519305511415854
0.601220905780792,-0.234155341982841,0.131144668115899,0.119885733374012,0.349541985740264,0.847769876321157,-0.456500979154964,-0.0717220218114247
0.282857000827789,-0.568204641342163,0.0782933775088854,0.141399522220888,0.132889604816834,0.43722391674916,-0.876509039912065,-0.359296089665761
0.289300382137299,-0.561316430568695,0.0857523744827134,0.150643662200799,0.122355503464739,0.45866111194094,-0.912376491677266,-0.338508081105968
0.746001303195953,-0.132456973195076,0.113792826350959,0.0679109922636816,0.521717419226964,0.974621254205704,-0.282564793027797,-0.0111641230337133
0.575842201709747,-0.244096040725708,0.0804346075818034,0.0626202224250593,0.419357361644506,0.734872143467268,-0.377415781644436,-0.133788254964745
0.824658513069153,-0.0998832210898399,0.214914916996036,0.122672013314645,0.413405801107486,1.25367423892021,-0.383623434105516,0.0981846020769113
0.907121479511261,-0.0460051037371159,0.110661198841212,0.059530551726709,0.691164427995682,1.11275026301543,-0.160418647244038,0.0463976957690645
1.03523647785187,0.00743038021028042,0.157482188197782,0.0991835561796343,0.751671200493972,1.32692854503791,-0.12397210928173,0.122847530874555
0.490390568971634,-0.324660629034042,0.123172260916537,0.119409975849836,0.248171142488718,0.734529183308284,-0.605248768558392,-0.13399100136798
1.31727075576782,0.109488770365715,0.277509008789749,0.0961198685979143,0.78463327785333,1.87185175617536,-0.105333454281909,0.272271451097998
0.446046888828278,-0.366578847169876,0.112800564861067,0.124067523960272,0.219268251707156,0.670031153659026,-0.65902511232026,-0.173905198539112
0.540206909179688,-0.283875614404678,0.140407944429821,0.124882471443882,0.268104973187049,0.824041124184927,-0.571695131453854,-0.0840511417650129
1.52725517749786,0.181465357542038,0.157834660041215,0.0472595588282906,1.23330967028936,1.84387153784434,0.0910721316203821,0.265730651626192
0.465159803628922,-0.34208732843399,0.0920170618755743,0.0963887402864553,0.278967986255884,0.642076822121938,-0.554445781657432,-0.192413007841853
0.613875448703766,-0.218706831336021,0.103972116725118,0.0791604358669099,0.410811297098796,0.813919828335444,-0.386357626083297,-0.0894183775178873
0.468203365802765,-0.343888461589813,0.114960774011006,0.11542533956688,0.248183930541078,0.698550499478976,-0.605226348643112,-0.155802192552103
0.482687592506409,-0.32543882727623,0.0941765192464888,0.0920221375145981,0.291138184567293,0.659639802078406,-0.535900843478385,-0.180693153135637
1.4627091884613,0.157749190926552,0.2644723679544,0.0815267660981306,0.95440175930659,2.00147706270218,-0.0202687946537742,0.301350617234097
0.401354223489761,-0.408602625131607,0.0879425266455273,0.10887388829475,0.223566004882256,0.570779918134213,-0.650594240638002,-0.243531316091868
1.1960871219635,0.0711983740329742,0.203403080813436,0.0767574482586399,0.799584908783436,1.60260520378749,-0.0971354124975643,0.204826547358591
0.361068338155746,-0.481120854616165,0.152694762378481,0.189500724082761,0.126007398838798,0.687448689341546,-0.899606419154841,-0.162759825764791
0.576434254646301,-0.243929520249367,0.0825418690350093,0.0647891633522742,0.411766104648511,0.734066632390022,-0.385349479392091,-0.134264522892459
0.920786201953888,-0.0398642495274544,0.122581065727976,0.0600763717173547,0.681272420783838,1.15988100568453,-0.16667919833337,0.0644134362147996
0.57428503036499,-0.249563157558441,0.105124654005028,0.0933675963879853,0.359722780436277,0.771912186344465,-0.444032166387918,-0.112432102788441
0.968129277229309,-0.0192233137786388,0.14397184264627,0.0687502381472364,0.68446482270956,1.24775231182575,-0.164649023248233,0.0961283831902316
1.84167230129242,0.262892365455627,0.191851584406741,0.0448407887393204,1.48923564652602,2.23138799866041,0.172963419615237,0.348575092922214
2.56023049354553,0.40654382109642,0.235004826518978,0.0384558040152816,2.16033718585968,3.02988465825717,0.334521540371357,0.481426094671438
2.20214152336121,0.341026723384857,0.203806193419407,0.0396003206850036,1.83554661770662,2.61191664735476,0.263765399032002,0.416959313336836
0.783938467502594,-0.117807812988758,0.16080287330107,0.1159747151131,0.474513846884171,1.08554624915123,-0.323751109991975,0.0356483261760492
0.736518740653992,-0.138728439807892,0.117268180889204,0.0735433711951041,0.508234325548013,0.963505734006564,-0.293936011407065,-0.0161456975645034
1.95240080356598,0.287168234586716,0.246844252349578,0.0542597132378021,1.50528436998526,2.45408745408058,0.177618494025385,0.389890032247158
1.20260977745056,0.0771177485585213,0.139788723887165,0.051615167581451,0.936763448019822,1.48317348559697,-0.0283700637144051,0.171191951187323
1.24308061599731,0.0838993713259697,0.264595659912504,0.0986253055699526,0.721981126566728,1.76408042411009,-0.141474252756306,0.246518379554402
2.35468602180481,0.370630234479904,0.190025026796954,0.0330682567883014,2.04970961411794,2.70733482440313,0.311692338047333,0.432541881088896
1.09151124954224,0.0313211791217327,0.187038728441782,0.077708454099494,0.724778455495834,1.46350853244464,-0.139794727272242,0.165395216394927
1.29293918609619,0.108263097703457,0.151661150573497,0.056009072508429,1.00323970814546,1.59213410218557,0.00140470946480758,0.20197964450964
0.435157805681229,-0.37902694940567,0.117830799614204,0.128855861583542,0.212586297467351,0.67044690400362,-0.672464863195472,-0.173635610682739
0.211912006139755,-0.6994748711586,0.0674733369318445,0.158820073711293,0.0858852755278349,0.347579027712345,-1.06608167970574,-0.45894643673695
0.826448738574982,-0.089167483150959,0.138551270061255,0.0756765608442419,0.554948044816653,1.10041798551877,-0.255747697919029,0.0415576652854585
0.420580953359604,-0.40213206410408,0.135128851687898,0.159500039594296,0.164866314828396,0.693952727814515,-0.782868072579318,-0.158670113163474
1.58323574066162,0.192386791110039,0.280055755722167,0.0803340422046805,1.03005853891373,2.15378387769063,0.0128619066507203,0.33320212164695
0.958273828029633,-0.028189355507493,0.196448237848109,0.0936220557646905,0.581840070088704,1.34676053524017,-0.235196375477373,0.129290375637219
0.963922381401062,-0.0266827736049891,0.204023793567315,0.100037752230046,0.553168455759684,1.35606910288334,-0.257142593677149,0.132281818372715
0.644015491008759,-0.204557776451111,0.153488194827515,0.111637109156533,0.35487883836031,0.947399904330572,-0.449920073956514,-0.0234667659437433
0.607438862323761,-0.229675516486168,0.143321594124421,0.110517233996097,0.340158561865489,0.899300664663315,-0.468318594439949,-0.0460950867790009
0.965270578861237,-0.019378924742341,0.125236615109175,0.0615539966861128,0.723186628520489,1.20525177915891,-0.140749612671413,0.0810777812462482
1.39196693897247,0.141690120100975,0.13458716974853,0.040747288417061,1.1482102205356,1.64989272455374,0.0600214039176211,0.21745570578194
1.0797073841095,0.026448879390955,0.165150537031137,0.0884836482480123,0.774407459795475,1.3824637055397,-0.111030503856191,0.140653714277408
1.01532185077667,0.00221969443373382,0.140463789617857,0.0629288148730706,0.744379838804404,1.2886592199405,-0.128205503597694,0.110138058080669
0.299974054098129,-0.545639991760254,0.09163544542646,0.147158432457262,0.130858363956213,0.486359738558531,-0.883198536661728,-0.313042399826504
0.345771014690399,-0.494692176580429,0.126594660934847,0.182211307569911,0.124088646719853,0.618117573857307,-0.906267972515212,-0.208928910803548
0.450183600187302,-0.369965225458145,0.138979590538919,0.149114451731993,0.191693691164255,0.725027514497439,-0.71739218325925,-0.139645532600948
0.618652820587158,-0.219749853014946,0.136387007001616,0.101137800075271,0.358656296879053,0.891768126189709,-0.445321832038078,-0.0497480551336543
0.433809727430344,-0.3991719186306,0.168295215896717,0.18749174457496,0.148055880268415,0.795865508417289,-0.829574502211807,-0.0991603176550446
0.69204968214035,-0.173335209488869,0.164179300556911,0.112175464920994,0.373867247750362,1.01641044318676,-0.427282666425915,0.00706911337407699
1.17009830474854,0.0631820410490036,0.176488703100082,0.066765246097401,0.82944226115942,1.52536991834641,-0.0812138428063008,0.183375177270254
0.63613349199295,-0.201174974441528,0.0801715247990973,0.0727755367203567,0.488197500258684,0.776946251591047,-0.311404451650876,-0.10960902500638
0.524082779884338,-0.289090514183044,0.0993823428035313,0.0884118519279397,0.327215875436862,0.712672910590967,-0.485165642602314,-0.147109790785009
1.22165405750275,0.0835309624671936,0.146594101817372,0.0564608310037603,0.944004809856415,1.50863260924816,-0.025025805708216,0.178583490792112
0.972985565662384,-0.0165013317018747,0.142747256152411,0.0633632749375588,0.707847439746062,1.24334818124771,-0.150060394816598,0.0945927577854637
0.834496021270752,-0.0976537019014359,0.232596588183565,0.135004640174964,0.386147468785445,1.3098083982865,-0.413247611836389,0.117207650789631
1.81523978710175,0.257168263196945,0.169679990245725,0.0386279914381941,1.53050850828489,2.12769203583399,0.184835739371291,0.327908767394193
0.307223469018936,-0.526289463043213,0.0722332959417356,0.115045271092282,0.161372897277276,0.445057784765959,-0.792169736009981,-0.351583606209814
0.375505864620209,-0.438694834709167,0.0892940633352847,0.110751040843169,0.20200010885795,0.550884961088499,-0.694648396708398,-0.258939124654198
0.984134078025818,-0.0142618482932448,0.17408669453404,0.0819725979297386,0.651933674514294,1.32170987725258,-0.185796598124514,0.121136123969297
1.66913831233978,0.221786871552467,0.0957095912772972,0.0247942128930852,1.50671533644199,1.85756468375524,0.178031203968138,0.268943945359554
0.633868455886841,-0.202097505331039,0.0852771088399164,0.060496688239457,0.465638879934947,0.800494757294655,-0.331950772651618,-0.096641511955597
0.178991734981537,-0.781530439853668,0.0693003603500641,0.179720409116348,0.0638456691677372,0.322734862814347,-1.19486855897672,-0.491154118314135
0.459519594907761,-0.353471100330353,0.117108055842772,0.121892349218744,0.228019588440657,0.687133662899336,-0.64202794928616,-0.162958842046399
0.645792067050934,-0.202083587646484,0.139399079126627,0.110967293956167,0.363795681794484,0.917272112270197,-0.439143308606594,-0.0375018376524717
1.27896296977997,0.10168481618166,0.194367516410375,0.0678001142432648,0.901127712925275,1.66514411469301,-0.0452136680514886,0.221451676527602
0.916963398456573,-0.0430693626403809,0.121055281589327,0.0805950836237333,0.691856095691522,1.13652831912041,-0.159984279960143,0.0555802615884931
1.51411378383636,0.175619214773178,0.219800317889314,0.0629213517219131,1.11231153110663,1.95926955938339,0.0462264379617918,0.292094191021114
0.442309379577637,-0.383221745491028,0.148739732940953,0.1705137555462,0.172383120531837,0.748322642346223,-0.763505262253273,-0.125911135211408
0.760695397853851,-0.125516399741173,0.129665278633668,0.0782196693231126,0.517046381533146,1.01451166768869,-0.286470521966911,0.0062570407007963
0.524034202098846,-0.299652189016342,0.146321021231925,0.134305042531104,0.241107214614749,0.817061059176922,-0.617789809320687,-0.0877454991114323
1.13353765010834,0.0511991530656815,0.137300764763092,0.0534057159423632,0.877198347946008,1.40671870708466,-0.0569023718830336,0.148207261744425
1.09478497505188,0.0354924649000168,0.126097096584302,0.0648495519294458,0.869736424585183,1.32017358442148,-0.0606123413377587,0.120631037562844
1.86796987056732,0.268331408500671,0.221121004197357,0.0514900641561345,1.45026657084624,2.32320365508397,0.161447612584972,0.366087281785474
1.34710729122162,0.128045246005058,0.10554386925247,0.0345596414195739,1.14241500695546,1.5539397974809,0.0578238571271314,0.191434189238728
1.16715323925018,0.0628500878810883,0.157692999257037,0.062787070968853,0.877925080060959,1.47478865285714,-0.0565425731913358,0.168729778776996
1.9543160200119,0.289594173431396,0.156852698232175,0.0350708254778543,1.67953531841437,2.2823518494765,0.225189130681692,0.358382595581049
0.340436339378357,-0.496242880821228,0.116040304879097,0.164318520738551,0.133946811656157,0.582570257286231,-0.873067698061515,-0.234651754468434
1.28602516651154,0.0998285114765167,0.2593738785685,0.0926766342268542,0.792788259188334,1.79826731979847,-0.100842793180664,0.254854250805149
1.7949515581131,0.252817243337631,0.137361392145552,0.0325847180016456,1.55555605689685,2.07617437839508,0.191885662658099,0.317263823310271
1.38831508159637,0.138600543141365,0.184663617805533,0.0584393393927011,1.0380091458559,1.76059307356675,0.0162011800060883,0.245658982359028
0.883711695671082,-0.0678647980093956,0.21672224358271,0.114523863170397,0.473585781951745,1.31407417257627,-0.324601349345532,0.118619878032904
2.0864520072937,0.317667067050934,0.191352622635589,0.0385651487237982,1.75108376741409,2.45943607886632,0.243306922123359,0.390835522409648
1.98783755302429,0.29644638299942,0.19215923233249,0.0406543596942095,1.65869955917199,2.36897922158241,0.219767727917682,0.374561250502469
0.865651488304138,-0.0672354623675346,0.125473652443411,0.0633897370957251,0.636642188827197,1.11807703872522,-0.196104586295818,0.0484717272976212
0.239999562501907,-0.657537698745728,0.0966925082712786,0.188252073219555,0.0840560636793574,0.459691091626883,-1.07543095173846,-0.337533914956403
0.667392551898956,-0.190395414829254,0.166498995174349,0.117128464610654,0.35095417847236,0.993976707259814,-0.454749586134197,-0.00262379746004506
1.07168507575989,0.0279507022351027,0.102105605078453,0.0441682841245931,0.878791944185893,1.27082605759303,-0.0561139406222619,0.104086110712119
0.765342772006989,-0.12025623768568,0.10354260327007,0.0604871563041613,0.564127043883006,0.970071590940158,-0.248623091881607,-0.013196217351823
1.62328720092773,0.208372995257378,0.156813208475789,0.0419679685547062,1.33115197817485,1.94075966378053,0.124227639524283,0.287971755381639
0.289778798818588,-0.55693382024765,0.0782814188534711,0.137931330618934,0.134141362210115,0.439786591380835,-0.872438994759252,-0.356758107918303
1.13430774211884,0.05213762819767,0.0897735393926274,0.0599380869768307,1.00149919291337,1.27205030123393,0.000650603179258479,0.104504285145355
1.01427912712097,0.00108234619256109,0.142569495945919,0.0712212442471404,0.750469717383385,1.28281071980794,-0.124666827713163,0.108162518398058
0.273354083299637,-0.588830590248108,0.0880203825705835,0.157893596245595,0.111969755093257,0.449606410413981,-0.950900153849894,-0.347167506829209
0.792808592319489,-0.103646457195282,0.0928546249115726,0.0490721944552233,0.6271399974823,0.964187766114871,-0.20263551484114,-0.0158384021986187
1.24574816226959,0.0937511473894119,0.10859257693995,0.038457721730161,1.03631521562735,1.46013741493225,0.0154918736856484,0.164393693595971
0.527990341186523,-0.288394391536713,0.114494473959336,0.100509716524428,0.304480543980996,0.747554951906204,-0.516440490084847,-0.126356886844838
0.277240574359894,-0.581936180591583,0.0883510529902058,0.153729972727085,0.114788379644354,0.455548483878374,-0.940102162407276,-0.341465394573059
2.35930156707764,0.371996134519577,0.142351466785213,0.0262667045969208,2.12540407975515,2.66327627897263,0.327441509644146,0.425416219586943
1.10414016246796,0.0332574211061001,0.227236042529917,0.0941672675235253,0.664737593134244,1.55942382017771,-0.177349783260309,0.192964142150788
1.45900249481201,0.160471647977829,0.138282976031981,0.0730596652282536,1.22999401986599,1.69767398238182,0.0899029996446217,0.229854292940218
0.230917021632195,-0.672931909561157,0.0918321845952175,0.183899057453462,0.0846412785972158,0.4408711142838,-1.07241859793525,-0.355688365937395
1.13999211788177,0.0531096421182156,0.120370655588234,0.0697945451706269,0.925864398976167,1.35654997527599,-0.0334526255383715,0.132435797524962
0.938885629177094,-0.037495918571949,0.187694865532858,0.100286737822337,0.575712732474009,1.30372373660406,-0.239794422171615,0.115185542238544
0.656722486019135,-0.200169637799263,0.175865095063317,0.129286559059302,0.315019749353329,1.00746210912863,-0.501662261833713,0.00322871766978704
2.50832509994507,0.397720009088516,0.222034749762531,0.0378742617122649,2.11274722218513,2.96498304605484,0.324847524953789,0.472022203129103
1.71386051177979,0.230284914374352,0.21941215060642,0.0574578895642191,1.30293294688066,2.15562170743942,0.114922065330797,0.333572548021591
0.658138751983643,-0.185544952750206,0.0844924826314836,0.0595238829075483,0.491520167887211,0.816411109765371,-0.308458681495166,-0.0880910940183929
1.30060303211212,0.107940621674061,0.215848687839651,0.0744476552917481,0.879023030400276,1.73200185894966,-0.0559997541066166,0.23854835351657
0.78863137960434,-0.11812287569046,0.197123419616233,0.118429213557329,0.402378175904353,1.18134751617908,-0.395366973649888,0.0723776628278328
0.576752841472626,-0.243577122688293,0.0817755505948553,0.063933943790576,0.413878809163968,0.73521992812554,-0.383126810301785,-0.133582737609293
0.428235560655594,-0.377666860818863,0.0845968540689264,0.0931281586405778,0.255743085344632,0.585676853358746,-0.592196101221326,-0.232341940333439
0.405636191368103,-0.416884630918503,0.130310330178471,0.154345963311029,0.167309523870548,0.678395415842533,-0.776479574305167,-0.168517095536299
3.12449264526367,0.491667538881302,0.39996739791092,0.050805244370743,2.48894463380178,3.86352707544963,0.39601523568614,0.586983944935605
0.823949694633484,-0.0878524258732796,0.106516333169305,0.0578003594338701,0.620062590638797,1.03800920744737,-0.207564477356103,0.0162011957515306
