PHI,log10.PHI,Std.Dev,log10.Std.Dev,0.025,0.975,log10.0.025,log10.0.975
0.813293099403381,-0.10494289547205,0.207783735048417,0.118246471420683,0.432600933065017,1.24633599917094,-0.363912548195155,0.0956350933756209
0.639677762985229,-0.207132443785667,0.151630879491403,0.109633773982442,0.349296277016401,0.947946636378765,-0.456806232289683,-0.0232161101141232
2.41909599304199,0.382498204708099,0.175547778530877,0.03176242020449,2.06551263928413,2.77219634056091,0.315027855932282,0.442823979229353
2.06637763977051,0.312965214252472,0.209441220430042,0.0442771857393034,1.6664198388656,2.49472780625025,0.221784425919347,0.397023167445232
2.54026651382446,0.40270870923996,0.253409236691367,0.0435244286743056,2.05885533094406,3.06857861280441,0.313625830442272,0.486937250358709
2.43914389610291,0.386105298995972,0.175228170675376,0.0314623927737041,2.07807287573814,2.78924297094345,0.317660773718402,0.445486346289912
2.22511863708496,0.34518900513649,0.221966478133414,0.0434283834498533,1.81479128201803,2.67206542491913,0.258826680084598,0.426847083362578
2.07661199569702,0.315417051315308,0.195922385717296,0.0411144383283516,1.70735698541005,2.47112969557444,0.232324335465228,0.39289553445842
2.22487998008728,0.345174700021744,0.21994345238976,0.0431483913471805,1.81084921956062,2.67492402990659,0.257882290063008,0.427311441819109
2.12950587272644,0.326204895973206,0.207956943649737,0.0425055309336076,1.74469482004642,2.55219480593999,0.241719449085054,0.406913820438828
1.20945429801941,0.0797918885946274,0.136533782359671,0.0495189882430574,0.94780354698499,1.48396599094073,-0.0232816725709595,0.171423946276098
2.16947484016418,0.334292054176331,0.211215269024222,0.0424088677619648,1.76076671779156,2.61169267694155,0.245701662035601,0.416922066286889
2.37434697151184,0.374406546354294,0.170885510636939,0.0315560833267363,2.0178841193517,2.70838100711505,0.304896218236119,0.432709754990541
2.83990383148193,0.452164858579636,0.205008613068212,0.0315199568752003,2.42399624586105,3.25921758611997,0.384531942885559,0.513113353629856
1.94703340530396,0.287096202373505,0.199176540765109,0.0445770551987369,1.57532775402069,2.35622363487879,0.19737092444572,0.372216508009944
1.59922325611115,0.201587349176407,0.164646466108763,0.0450830961416811,1.26993105014165,1.92730231086413,0.103780141898866,0.284949839359612
1.73161506652832,0.236202463507652,0.175733178241244,0.0443233232576643,1.39279896914959,2.08366411129634,0.14388842860673,0.318827689803925
1.71146607398987,0.231235504150391,0.169065845909432,0.0431746378194749,1.38573028743267,2.05013747016589,0.141678695665829,0.311782983147549
0.693474173545837,-0.178963050246239,0.201302893111824,0.136679085018534,0.325489605466525,1.11258148352305,-0.487462971424865,0.0463317537644224
1.74138009548187,0.237855732440948,0.205581247695525,0.0515204352869968,1.35139594773451,2.17527329921722,0.130782611372874,0.33751382266385
1.60542130470276,0.200456440448761,0.245268140718339,0.0671987750052004,1.14384692311287,2.11803117791812,0.0583678997427158,0.325932347300046
1.35942935943604,0.128991171717644,0.191376041441911,0.0619606611363269,1.0023800889651,1.7532434552908,0.00103243086875306,0.243842132472663
0.920956909656525,-0.0428945831954479,0.163408480132018,0.0799421341986637,0.601466359694799,1.24987498124441,-0.220788740540848,0.0968665645990993
1.42800045013428,0.152263849973679,0.151235935773027,0.0464723148649242,1.13619998296102,1.71988788048426,0.0554547779410792,0.235500131681289
0.720864593982697,-0.150747045874596,0.139321785473613,0.0882734834368906,0.450319719066223,0.994307382404804,-0.346479035595789,-0.00247933683410508
0.965574026107788,-0.0213389061391354,0.159490276468167,0.0738322710962034,0.655497274299463,1.28092309931914,-0.183429186338596,0.107523045755563
0.861208617687225,-0.069510206580162,0.123544979081877,0.0640553714693813,0.615896980464459,1.10363465448221,-0.2104919354723,0.0428253286231923
1.16479301452637,0.0607003234326839,0.184681329188394,0.0699505030775658,0.816480015218258,1.54573069214821,-0.0880546506093011,0.18913383023775
1.82695603370667,0.259574562311172,0.181158153101473,0.0434082526323618,1.48058531781038,2.18046989043554,0.170433436287302,0.338550093769457
2.37142586708069,0.373856753110886,0.171766230455204,0.0317632650196726,2.01602718830109,2.71871502598127,0.304496377625078,0.434363685672505
0.622662484645844,-0.226525858044624,0.18113630280331,0.140827688534555,0.271997524301211,0.991221864024798,-0.565435336971384,-0.00382913912611685
0.557362675666809,-0.264359086751938,0.117435082525938,0.0986822212273884,0.333953274289767,0.792910538117091,-0.47631430581109,-0.100775822602921
1.7765896320343,0.247367039322853,0.178968910421703,0.0440454256615824,1.43327189882596,2.13060307105382,0.156328551073698,0.328502547476066
0.264271229505539,-0.60268247127533,0.083089611477097,0.155220532551255,0.10709174623092,0.43307550077637,-0.970244056906445,-0.36343638375971
0.65531325340271,-0.19327799975872,0.135158284673645,0.0937217580456284,0.401467575629552,0.927331159015497,-0.396349524609171,-0.0327651508152199
1.90891718864441,0.278729677200317,0.185428099511955,0.0423779703485756,1.56463349660238,2.28679043849309,0.194412609561001,0.359226361076698
0.498717039823532,-0.328077435493469,0.162785355882497,0.157229204333365,0.199179570501049,0.833339838683605,-0.700755320902068,-0.0791778574427741
0.4331074655056,-0.369870215654373,0.0724933425851584,0.0764536292766793,0.286742764463027,0.574000139534473,-0.54250753434144,-0.241088002893048
0.278326779603958,-0.583177447319031,0.0937395537040026,0.162809268613661,0.106125834708412,0.473970085382462,-0.97417930306579,-0.324249067953138
0.559283196926117,-0.262597769498825,0.117702947939273,0.0964752163961084,0.333535388608774,0.791237908105056,-0.476858555806883,-0.101692926908426
0.623489737510681,-0.223757907748222,0.173171286497878,0.132238043282451,0.293982993066311,0.977290005981923,-0.531679672963931,-0.00997658039353329
0.597206890583038,-0.235344335436821,0.133862983163397,0.101883001985938,0.349238970627387,0.873836137354374,-0.456877302771372,-0.0585700000638308
0.38731649518013,-0.440748006105423,0.133293452078858,0.165949819649888,0.149960047379136,0.666370122134686,-0.82402446260349,-0.176284486899255
0.964465796947479,-0.0219826512038708,0.161901570610159,0.0745457547746682,0.65314167290926,1.29307242631912,-0.1849926068603,0.111622848841154
0.339944094419479,-0.502805590629578,0.127012488350963,0.181874954675885,0.115865696469943,0.607028179864089,-0.936045125574244,-0.216791173794592
0.482066988945007,-0.331316649913788,0.118355320398359,0.116043639573625,0.25247587064902,0.721353919307391,-0.597780259669777,-0.14185163796846
0.509374499320984,-0.322319984436035,0.175459026006088,0.169264513900365,0.196948814888795,0.869983991980553,-0.705647905536634,-0.0604887392916929
0.5315802693367,-0.297725647687912,0.165093350933661,0.148757733446534,0.227615292494496,0.881223425765832,-0.642798586276955,-0.0549139664948321
0.442404359579086,-0.376908242702484,0.135882778224964,0.146505297120366,0.192317604025205,0.72637787659963,-0.715980968173497,-0.138837412373733
0.502820730209351,-0.31371596455574,0.124839996960629,0.120306102935602,0.263280507922173,0.753150126338005,-0.579581418099802,-0.123118447664231
0.714259624481201,-0.153310388326645,0.12653123004232,0.0803288454184127,0.465504822631677,0.969218495488167,-0.332075896306456,-0.01357831247916
0.540473222732544,-0.287071198225021,0.155630959660962,0.136520227986649,0.246454973767201,0.858297021687031,-0.608262504621159,-0.0663623945872751
2.28583812713623,0.356860011816025,0.229029672307813,0.0436575714710376,1.85488789081573,2.75417670806249,0.268317665595271,0.439991801015055
1.04098582267761,0.00832008849829435,0.209527495348442,0.0903531951855735,0.650504975517591,1.46810972392559,-0.186749377501151,0.166758491798241
0.515737891197205,-0.311248451471329,0.156827823813836,0.153776219911873,0.221592239538829,0.837748962144057,-0.654447451301309,-0.0768861049545244
0.247878640890121,-0.641741037368774,0.0955645521394552,0.185752804570056,0.0873612220709523,0.453362224499385,-1.05868142770283,-0.343554675234511
1.8775132894516,0.271594434976578,0.179173158418978,0.041663686948765,1.53149376809597,2.24221852620443,0.185115233328463,0.350677927638849
1.05706572532654,0.0220313984900713,0.102283545432774,0.0426710719777175,0.857214852174123,1.25802715520064,-0.0669103140534812,0.0996900123496329
0.762929856777191,-0.120348706841469,0.0852711211190042,0.0503769053774442,0.588483541210492,0.923643729587396,-0.230265679500001,-0.0344955258629205
1.3827086687088,0.138870939612389,0.12711675808876,0.0403820400342198,1.13132013082504,1.63356680770715,0.0535855127906307,0.213136895107472
1.65679144859314,0.217064768075943,0.166165800050815,0.0438962065992382,1.33922027051449,1.98577880958716,0.126851992872043,0.297930869119751
1.04418683052063,0.00964214559644461,0.209923000013249,0.0904975560221189,0.651776516437531,1.47182801564535,-0.185901321236993,0.167857056326377
0.314004510641098,-0.528343856334686,0.100184347247969,0.156308902128622,0.125947012876471,0.514960051079591,-0.899812233346629,-0.288226461679834
1.2654732465744,0.0991962254047394,0.14914551455644,0.0517942979259274,0.976394347846508,1.56357933680217,-0.010374744129753,0.194119904898513
0.798128008842468,-0.101508796215057,0.101142671229058,0.0563117149836274,0.60226118316253,0.996535742779573,-0.220215203356575,-0.00150712096710851
1.29300010204315,0.109422899782658,0.128647486744293,0.0436765292285889,1.04537906845411,1.54809258282185,0.0192737989199799,0.189796923786862
0.300457030534744,-0.552255809307098,0.104102388060197,0.171008450656934,0.10986337463061,0.511165862778823,-0.95914707072435,-0.291438203255378
0.345127463340759,-0.486587792634964,0.108592139547742,0.154614013980087,0.145488667860627,0.562920195360979,-0.837172539127162,-0.249553213424861
0.590135276317596,-0.260715812444687,0.21411423371278,0.174053501439305,0.215242026622097,1.05260164837043,-0.667075266275503,0.0222640444736624
0.677357256412506,-0.172064185142517,0.0762577001306835,0.050880573413794,0.525079826513926,0.821624892950058,-0.27977467030692,-0.0853264200756373
0.497954547405243,-0.327745079994202,0.159638066656158,0.154501435332205,0.206968276451031,0.834034872055054,-0.684096637116547,-0.0788158106809917
0.686484158039093,-0.171110108494759,0.12560048263825,0.0838961442752446,0.442453754196564,0.932092488805453,-0.354132184275894,-0.0305409923289603
1.09160876274109,0.0356440283358097,0.113922581031777,0.0462699549910408,0.868405976394812,1.3141924093167,-0.0612772419681097,0.118658953613876
1.11758208274841,0.0441227331757545,0.153058113359278,0.0605535964926596,0.830292198061943,1.42624534269174,-0.0807690964965299,0.154194238127659
0.259456992149353,-0.616605043411255,0.0903081862448991,0.173397860421881,0.0917012210935354,0.447292022158702,-1.03762502753717,-0.349408860805329
0.201953426003456,-0.720657169818878,0.06379338573352,0.160912224025441,0.0775926337887844,0.328409701089064,-1.11017951238189,-0.483584033034078
0.876705169677734,-0.0611074641346931,0.115294844715353,0.0598157240284954,0.654715469479561,1.09994656145573,-0.183947410331592,0.0413715741743753
0.58957713842392,-0.246901169419289,0.159087517153743,0.127889590495125,0.286089916775624,0.908532561858496,-0.543497501169091,-0.0416596424445036
0.314923375844955,-0.534700095653534,0.11571732440367,0.177790507161573,0.113463254024585,0.558818600078424,-0.945145766578819,-0.252729323051385
0.752091646194458,-0.130622610449791,0.131219517767128,0.0785433535221863,0.500520692269007,1.0090426325798,-0.300577964520149,0.00390947052560266
0.300190657377243,-0.559669613838196,0.116905385424117,0.189845906940028,0.0987456338480115,0.55061276058356,-1.00548226082433,-0.259153789084495
0.40447986125946,-0.413537949323654,0.115446065976793,0.140502724204091,0.179128961016734,0.627968728045623,-0.746834227762733,-0.202061984667425
0.811754882335663,-0.0944329500198364,0.106355537388749,0.0586582524190783,0.607654661436876,1.02198679248492,-0.216343192067284,0.00944527626604253
0.218085542321205,-0.707404673099518,0.0956579802555097,0.210168008936229,0.066884316628178,0.425939977169037,-1.17467589356093,-0.370651654925332
0.228489920496941,-0.671176075935364,0.0797781822163517,0.17003165458739,0.0856014956409732,0.394283550481002,-1.06752034955608,-0.404191446923827
0.839919209480286,-0.0867484733462334,0.183127246833141,0.100003984863637,0.486628404011329,1.20706491569678,-0.312802885806795,0.081730625785215
0.264289051294327,-0.609262526035309,0.0932604255386886,0.175439428068818,0.0932687449579438,0.460223148514827,-1.03026441879005,-0.337031649525361
0.746084332466125,-0.129780367016792,0.0794002814750192,0.0479376927641421,0.58669089426597,0.896330774327119,-0.231590771454212,-0.0475316926866794
1.20069551467896,0.0709063708782196,0.234494997141469,0.0871826506235127,0.761160692572594,1.68718129595121,-0.11852370984863,0.22716174084463
0.455524742603302,-0.350115150213242,0.087623901433085,0.0886548355720513,0.282671801994244,0.624460555116336,-0.548718338055134,-0.204495025956822
1.1257072687149,0.0490214005112648,0.117632810574283,0.0459232516882266,0.892907067636649,1.35289008220037,-0.0491937431564337,0.13126251092135
0.684893071651459,-0.179332718253136,0.17218153884386,0.117791328842545,0.361275650809209,1.03433345059554,-0.442161358310249,0.0146605012934717
0.229878887534142,-0.660753548145294,0.0686250530659187,0.146452626920484,0.0966784230743845,0.36536857932806,-1.01467257428158,-0.437268979401122
0.239948809146881,-0.655052304267883,0.0916554345443535,0.183441860189396,0.0860104457164804,0.440124084800482,-1.06544959946683,-0.356424867585664
0.611762940883636,-0.21776781976223,0.0852948729414111,0.06211228551283,0.441918948789438,0.778624057769775,-0.354657513166917,-0.10867218166686
1.38204538822174,0.135189771652222,0.214032644779441,0.068697976347806,0.972408054272334,1.80157548189163,-0.012151460812863,0.255652462507207
0.346115320920944,-0.487035781145096,0.114032739682606,0.157834789854833,0.140217515205344,0.581838072836399,-0.853199314928518,-0.235197885410459
1.15981030464172,0.0618669912219048,0.124023088319542,0.0470310138145169,0.920157245794932,1.39786199827989,-0.0361380022822186,0.145464298406948
0.367558479309082,-0.462156981229782,0.123909560059522,0.161848507530421,0.147808158646027,0.628346093495687,-0.830301609957519,-0.201801123755867
0.285022884607315,-0.567520678043365,0.0860671263279284,0.14631741227398,0.125423773378134,0.45455250988404,-0.901620154246714,-0.342415940132574
0.224462255835533,-0.695068895816803,0.0990480426262754,0.211118743879454,0.0679641565307975,0.457170112679402,-1.16772009763878,-0.339922255798868
0.229105100035667,-0.681448400020599,0.0957289485735202,0.199183479627595,0.0767868819336096,0.432942286382119,-1.11471403196317,-0.363570021360468
0.676798582077026,-0.175265029072762,0.108074279186745,0.0713785928779754,0.464986984183391,0.894828356305758,-0.332559253803854,-0.0482602661630993
0.815686762332916,-0.0992992520332336,0.17698837754378,0.0990809420362776,0.480715255687634,1.17292156716188,-0.318112646292223,0.0692686953144574
0.529045760631561,-0.280472785234451,0.0696982601437429,0.0597273016522753,0.390546356141567,0.659279011189938,-0.408327424202505,-0.180930755629868
0.498017191886902,-0.328401058912277,0.161112125109102,0.156596366118619,0.199857917924722,0.834690343836944,-0.699278643961739,-0.0784748724910382
1.40711772441864,0.145016863942146,0.172626111261104,0.0539473964004144,1.07629399796327,1.76062822739283,0.0319309145613891,0.245667653717111
1.00167036056519,-0.00205020001158118,0.111730771818438,0.049578780780354,0.789426424602668,1.22324138879776,-0.102688351039851,0.0875121669556174
0.616290748119354,-0.215523272752762,0.0941509623016072,0.0690375509389071,0.433756264299154,0.802796837190787,-0.362754389360658,-0.095394366951327
0.332923829555511,-0.502351641654968,0.10651740861093,0.152852029680279,0.13867809313039,0.55202901661396,-0.857992189283772,-0.258038093999987
0.907597839832306,-0.0457907952368259,0.116903198609225,0.0570236442667741,0.682359222571055,1.13650837540627,-0.165986936365037,0.0555726270810614
0.252580642700195,-0.63871955871582,0.104976897955203,0.198173877616616,0.0815670117114981,0.491204367081324,-1.08848681943828,-0.308737781050004
0.944897651672363,-0.0416083298623562,0.254216210364919,0.125710405811013,0.476504517346621,1.48506593803565,-0.321932986576699,0.171745732246307
0.599309682846069,-0.228786796331406,0.10086783009495,0.0760163651574416,0.403561532994111,0.793205879628658,-0.394090238095779,-0.100614077660778
0.872471868991852,-0.0643294975161552,0.131901442184167,0.0670350367303444,0.620583042502403,1.14433208207289,-0.207200095736248,0.0585520391421204
0.76868212223053,-0.123645529150963,0.155939789632909,0.0920445368166597,0.469855278233687,1.08234992126624,-0.328035914665565,0.0343676617170487
2.00216770172119,0.297453224658966,0.27206553546028,0.0595908364132322,1.48489005168279,2.57282595237096,0.171694295939208,0.410410327293974
0.292327910661697,-0.562030971050262,0.097406210278554,0.165600853185425,0.112068167701364,0.498806092391412,-0.950517769659191,-0.302068323767815
0.543805718421936,-0.2840596139431,0.156414827193553,0.13458740502311,0.258452368527651,0.869996118545532,-0.587619485171001,-0.0604827046434319
0.418444782495499,-0.417844146490097,0.169592428375515,0.194839037185854,0.135095786675811,0.796581408381463,-0.869358728883217,-0.0987699941063081
1.56680023670197,0.192556977272034,0.165778995619033,0.046389406527902,1.24604406654835,1.898026963075,0.0955333948042535,0.278302377512267
0.222492188215256,-0.685976147651672,0.0818347251410803,0.179571217768447,0.0784208464746674,0.389915020763874,-1.10556855174548,-0.409030037298267
0.502120077610016,-0.31311622262001,0.12010198589988,0.11486036819451,0.267451555033525,0.743165471653145,-0.572754890094124,-0.128915232704467
0.698636412620544,-0.160293892025948,0.0988464402578317,0.0638336627360225,0.50587751964728,0.891835691034794,-0.295954620290206,-0.0497151515978466
0.495665669441223,-0.316531330347061,0.111614469730475,0.103367465532269,0.285793193926414,0.725469342867534,-0.543948118924616,-0.139380952764718
1.3552839756012,0.126312494277954,0.21814396047573,0.0710202072520107,0.951277555525303,1.80199300547441,-0.0216929062749764,0.255753095888477
0.695843577384949,-0.184152588248253,0.230254404965552,0.159758591671982,0.289503133048614,1.16980895499388,-0.538347111900884,0.0681148949561566
0.295750260353088,-0.551313161849976,0.0853642913571117,0.151351589506707,0.126849501952529,0.462508803357681,-0.896711235779827,-0.334880159424333
0.705508530139923,-0.156875625252724,0.109171558957852,0.0691468083854872,0.489088329921166,0.917475862801075,-0.310612716600982,-0.0374053561542647
0.78128707408905,-0.111756637692451,0.111582507241474,0.0636587243453666,0.567710647980372,0.997399207452933,-0.245873001190795,-0.00113098296345909
0.947420418262482,-0.0283357966691256,0.139935385394167,0.0657681528733065,0.677200244863828,1.22517391840617,-0.169282972122331,0.0881977387998102
0.612072646617889,-0.218162715435028,0.0908511119834311,0.0665512710320851,0.438058802237113,0.786990942060948,-0.358467588905479,-0.104030291328356
0.479944348335266,-0.342308878898621,0.149703008220688,0.149075523513295,0.202862386032939,0.790638625621796,-0.692798513575355,-0.102022157434989
0.397075533866882,-0.431803315877914,0.138682506046317,0.174186861429868,0.144506768261393,0.692415144542854,-0.840114258022883,-0.159633907691221
0.276508778333664,-0.580408275127411,0.0819827657423141,0.146603929687058,0.118186167565485,0.437336242198944,-0.927433351858557,-0.359184531289474
0.285756886005402,-0.585755288600922,0.118063943393915,0.201269588997956,0.0905260616292556,0.536912846068541,-1.04322645138215,-0.270096206224912
0.604344666004181,-0.223731219768524,0.0900414354834986,0.0669202546273772,0.426488081117471,0.782388910154502,-0.37009310995112,-0.106577314015389
0.345143347978592,-0.492217421531677,0.122019238277674,0.169863027489323,0.132684561734398,0.609153639773528,-0.877179643822849,-0.215273158695973
1.61319375038147,0.192981779575348,0.410411010822628,0.115491289718618,0.876710586746534,2.50168778498968,-0.0571437600942085,0.398233107829343
0.832047343254089,-0.084095686674118,0.114977044160962,0.0612441471250822,0.60965896944205,1.06312753160795,-0.214913049102662,0.0265853648954552
0.552270293235779,-0.266225814819336,0.105204777275866,0.08726070958401,0.348616519570351,0.767007026076317,-0.457652079129728,-0.115200681276179
0.711728453636169,-0.153702035546303,0.116064520367646,0.0733345466661502,0.487164443234603,0.943112124005954,-0.312324426792588,-0.0254366864872157
0.507545113563538,-0.30329418182373,0.0994570727137924,0.0889071594721397,0.31351464788119,0.704173130293687,-0.503742200421155,-0.152320560415559
1.06831777095795,0.0252160839736462,0.133809234323612,0.0554518313697701,0.803432004153729,1.32641830344995,-0.0950511851023045,0.12268050614371
0.888940632343292,-0.0548635870218277,0.115052147818939,0.0574919948823473,0.663392359018326,1.11698390344779,-0.178229538818758,0.0480468414893152
0.681549787521362,-0.185020387172699,0.190356803053172,0.131386336406425,0.33216996366779,1.06460169057051,-0.478639641668273,0.0271871513875506
0.535852074623108,-0.280658960342407,0.109594078852353,0.0940056236485894,0.318559716641903,0.752630287408829,-0.496810061633913,-0.123418333634134
1.06812191009521,0.023456983268261,0.162886869263747,0.0675548210094196,0.754776173830032,1.39396231373151,-0.122181865091416,0.144251032001419
0.959917008876801,-0.0205894540995359,0.108744541283333,0.0497625560764913,0.753640055159728,1.17524474362532,-0.122836027375238,0.0701283033038961
0.812834203243256,-0.0947055965662003,0.116428156205995,0.0652778522007571,0.588985529541969,1.04326799909274,-0.229895380060438,0.0183958861082175
1.43945252895355,0.155341759324074,0.163743179512304,0.0501174247324287,1.12753217617671,1.7631392031908,0.0521289440834248,0.246286601852769
1.72187435626984,0.23334975540638,0.18975514004082,0.048149427431927,1.36320706804593,2.11284335255623,0.134561829031273,0.324867299394515
1.17393755912781,0.0630347728729248,0.201438255238219,0.0767474709889767,0.78812446196874,1.57362694839637,-0.103405197398115,0.19690177333788
0.412773966789246,-0.399293214082718,0.0990766604197514,0.122599093520081,0.210697371512651,0.603520564734936,-0.676340882356312,-0.219307927465558
0.504151463508606,-0.317597240209579,0.145710682097705,0.137913672814715,0.230571995551387,0.804503282904625,-0.637193507205984,-0.0944721900561738
0.318545162677765,-0.515737593173981,0.0888295408302142,0.133691682668976,0.1479135359327,0.492953650653362,-0.829992404603967,-0.307193933275286
1.48907387256622,0.167619585990906,0.231070355603999,0.0682495085802045,1.05844264229139,1.96836572686831,0.0246673273800621,0.29410579390918
0.735816240310669,-0.149192854762077,0.191212478179491,0.121646136500179,0.377347891777754,1.11635012030602,-0.423258179017313,0.0478002674952951
0.445664256811142,-0.360468506813049,0.0895717795909409,0.0931965265552328,0.268165600051483,0.619203285376231,-0.571596943741084,-0.20816687961541
0.50269889831543,-0.308940917253494,0.105581849880317,0.0967910010192738,0.298778236905734,0.717229987680913,-0.524651049611826,-0.144341678305559
1.50469207763672,0.175119012594223,0.155079534605908,0.0451455817523281,1.21156145433585,1.8256894270579,0.0833454091135103,0.261426899827324
0.912476658821106,-0.0448750928044319,0.138075304228972,0.0671974271825848,0.647632795075575,1.19356075823307,-0.188671175975911,0.0768445254954516
0.555325210094452,-0.26514083147049,0.113264847258493,0.0941671191720865,0.336670852700869,0.785289300481478,-0.47279450474463,-0.104970320795547
0.642734169960022,-0.199522793292999,0.116558800496718,0.0827610696254097,0.421443900217613,0.875253460307916,-0.375260228282533,-0.0578661636152968
0.932375907897949,-0.0353230573236942,0.138404817382984,0.0660084597801576,0.66484237909317,1.20796841581663,-0.177281305371836,0.0820555562391119
1.09415757656097,0.030994588509202,0.20606113261046,0.0853469263602788,0.695250702897708,1.50835504829884,-0.157858567411216,0.178503574216734
0.889806270599365,-0.0574207380414009,0.153699448627536,0.0774056065661239,0.600618667403857,1.19806979397933,-0.221401311166503,0.0784821028510857
0.781565308570862,-0.111057229340076,0.104843924681437,0.059733992585977,0.57490268945694,0.990592814485232,-0.2404057124995,-0.00410483479875138
0.684107661247253,-0.191940471529961,0.228046743151792,0.161380144511882,0.278620427350203,1.16214995185534,-0.554987151484778,0.0652620186796783
0.342147201299667,-0.478200256824493,0.0775660937344705,0.107947067058467,0.189330790936947,0.495069210479657,-0.722778864135465,-0.30533408391679
0.988053023815155,-0.0171141810715199,0.226039628416678,0.103631827072595,0.573673554261525,1.45426860352357,-0.241335170214329,0.162644623587216
1.33049046993256,0.115719839930534,0.256096795269384,0.0859407023353405,0.866051691273848,1.83874937991301,-0.0624563411675106,0.264522538784581
0.219872415065765,-0.696822881698608,0.0893220943388978,0.192338066900291,0.074578387911121,0.41986148506403,-1.12738702352443,-0.376893972532543
0.663988769054413,-0.182061672210693,0.0904325338537741,0.0615417097599085,0.482282836735249,0.842430217564106,-0.316698193437042,-0.0744660830371185
0.956158399581909,-0.0228288602083921,0.117442124626415,0.0544905778517259,0.721851130326589,1.18436215817928,-0.141552360316556,0.0734844886450062
0.934799909591675,-0.031566858291626,0.0943308114106389,0.0450724793077106,0.746392301718394,1.11277997394403,-0.127033021724117,0.0464092998715202
1.06176602840424,0.0200926940888166,0.173179751330214,0.0725704093646634,0.724747049808502,1.40854941805204,-0.139813544287025,0.148772029303165
0.808561265468597,-0.0961081609129906,0.105467668280529,0.0582789547956626,0.603648204108079,1.01356641252836,-0.219216100747953,0.00585218315168791
0.281172394752502,-0.58410769701004,0.102246730623931,0.180196114816788,0.099258089500169,0.497748241076867,-1.00323453429669,-0.30299026813441
0.895470976829529,-0.0524527877569199,0.127237200188333,0.0631524283299482,0.646716732780139,1.15304599801699,-0.189285986776511,0.0618465799976178
0.686545252799988,-0.169711664319038,0.114709462751108,0.0757684170780232,0.458380640049775,0.906291331847509,-0.338773733487353,-0.0427321741466623
1.27561521530151,0.0989381596446037,0.223170523100099,0.0774998027372157,0.865806487202644,1.72449212769667,-0.0625792044091154,0.236661216138049
0.433613628149033,-0.414219617843628,0.20527246440508,0.221856479476237,0.122082986496389,0.899934867024422,-0.913344855702396,-0.045788979796362
0.554986119270325,-0.273354649543762,0.147871576211929,0.130530691861655,0.272779002785683,0.846832497914632,-0.564189389923345,-0.0722025078832674
0.269212186336517,-0.609693229198456,0.110305907502281,0.19519325430844,0.0888920744881034,0.50800234079361,-1.05113722953833,-0.294134356526703
0.978222548961639,-0.0124206943437457,0.111175692084616,0.0501821649157499,0.763845725357532,1.19676583707333,-0.116994347760215,0.0780091700873823
0.264372229576111,-0.600486755371094,0.0795989791916308,0.148117473346686,0.112017109803855,0.422257331262032,-0.950715643785739,-0.374422802009899
0.552681863307953,-0.272602111101151,0.13865517797823,0.118871521728152,0.282535206526518,0.832375836869081,-0.548927628513019,-0.0796805385902032
0.630140841007233,-0.211014911532402,0.134404243846734,0.097278556002473,0.371199321995179,0.89750862767299,-0.430392875429771,-0.0469613732521011
0.785738825798035,-0.126236721873283,0.23352878713413,0.143130564706394,0.34408476849397,1.26772900422414,-0.463334656070554,0.103026384105999
0.574434161186218,-0.247485503554344,0.0986261554397714,0.0777382067354187,0.381817204256852,0.768970119953156,-0.418144721747877,-0.114090537624755
0.827325284481049,-0.0876961797475815,0.127550137201117,0.0692651077942198,0.579565165936947,1.07223542730014,-0.236897746830132,0.0302901520519351
1.95540237426758,0.287234932184219,0.265275613222284,0.0591222196830299,1.47338671684265,2.51550938288371,0.168316700795993,0.40062594125539
0.234347343444824,-0.667369484901428,0.0929968603095111,0.188017508476497,0.0808655278757215,0.441966507087151,-1.09223657535195,-0.354610698835955
0.68052738904953,-0.174410358071327,0.121033572810946,0.0809048307195985,0.440840848783652,0.916575564444065,-0.355718174894574,-0.0378317290853347
0.477163583040237,-0.329995542764664,0.0851966121369816,0.096129077721024,0.315743678311507,0.634842963020007,-0.500665405168704,-0.197333691389345
0.822663307189941,-0.0911543518304825,0.135023181931595,0.0772400927232102,0.559681585431099,1.08528156975905,-0.252058981984646,0.0355423973250346
0.383276283740997,-0.432000488042831,0.0972391136454698,0.120673241665965,0.195576427131891,0.577491047481696,-0.708683495637552,-0.238454745758381
1.00893461704254,-0.0041895154863596,0.190568794891566,0.0849382052209839,0.651440504690011,1.39889793594678,-0.186125295321889,0.145786027739916
0.635608494281769,-0.201750338077545,0.0939545932158948,0.066458681388669,0.45504537075758,0.820367745558421,-0.341945315467663,-0.0859914253695602
0.948271214962006,-0.0272101070731878,0.129479736489014,0.0605108823237629,0.69983105113109,1.20286007026831,-0.155006806909321,0.0802148640079115
1.0055992603302,-0.00553009333088994,0.189845435994515,0.0841543008888118,0.650202097992102,1.39846037526925,-0.186951645856991,0.145650164424295
0.839429378509521,-0.0901264920830727,0.205891404383703,0.114007790391327,0.45383342007796,1.246109410127,-0.343103526713049,0.0955561188039043
0.522882103919983,-0.305978387594223,0.16377225815579,0.153700187869491,0.209782110527158,0.863695087532202,-0.678231555950156,-0.0636395528622477
0.183186337351799,-0.769919633865356,0.0668419053174044,0.178603437015813,0.064796866538624,0.32560088361303,-1.18844599533412,-0.487314441105925
0.750156223773956,-0.133634105324745,0.147556779043676,0.0888890616775156,0.46905169809858,1.04929207166036,-0.328779313399599,0.0208963911205783
2.90631437301636,0.461228013038635,0.287023232960136,0.0428972326419331,2.37992715636889,3.49124788840612,0.376563664436463,0.542980685843359
0.736032247543335,-0.140229672193527,0.129693021714193,0.0803031463825874,0.489432055254777,0.988344962398211,-0.310307590298072,-0.00509145760909263
0.637999355792999,-0.205670684576035,0.135048410634441,0.0980523326388285,0.373788414150476,0.900415503978729,-0.427374173051596,-0.045557055648302
0.360153198242188,-0.457631409168243,0.0866823026383806,0.115590668104803,0.192498924583197,0.530435361464818,-0.715571801797342,-0.275367533410753
0.659565508365631,-0.185715824365616,0.0975898755529318,0.066815852096298,0.469468495994806,0.84663338214159,-0.328393550082457,-0.0723046123786297
1.81753492355347,0.257294625043869,0.181828995929654,0.0437356171105345,1.47364056507746,2.18407439788183,0.16839155221507,0.339267424759336
0.623284697532654,-0.211511328816414,0.102941807498395,0.0745519137177815,0.426339763651292,0.819490556915601,-0.370244216140135,-0.0864560464914232
0.205358147621155,-0.719254016876221,0.07331472301873,0.175346015830553,0.072778182476759,0.353954517344634,-1.13799880526328,-0.451052627366943
0.271210551261902,-0.607390761375427,0.1130033941226,0.197169450411395,0.0888622010747592,0.533124017218749,-1.05128301101044,-0.273171761393595
0.626412391662598,-0.234033688902855,0.224412309193215,0.171563337346589,0.238195636371771,1.11317839721839,-0.62306619919142,0.046564739181542
0.955694258213043,-0.0218377262353897,0.0944630999855128,0.0435316631696493,0.774346808095773,1.13541429539522,-0.111064490762095,0.0551543545096457
0.701706886291504,-0.164369195699692,0.150621194089,0.0976089219802913,0.418383235981067,1.01010043422381,-0.378425763580436,0.00436455061695128
0.993981063365936,-0.0109216282144189,0.190490028406972,0.0862489172964279,0.631878363589446,1.38754373689493,-0.19936785222151,0.142246622171751
0.530924558639526,-0.284662842750549,0.107144748243179,0.0949595133409055,0.322208669284979,0.737188877662023,-0.491862778715414,-0.1324212262487
0.336938977241516,-0.483146667480469,0.0708136020759399,0.100135619245088,0.194304748252034,0.470637059460084,-0.711516588167299,-0.327313878201294
