Mean,Mean.log10,Std.Dev,log10.Std.Dev,0.025,0.975,log10.0.025,log10.0.975
1.2105461359024,0.0817082896828651,0.103281823220156,0.0319380762150652,1.05245840847492,1.37176564137141,0.0222049406712268,0.137279920660354
1.38766694068909,0.14092692732811,0.115736433408202,0.0336581477193156,1.20255850553513,1.57511260012786,0.0801062139392537,0.197311604924583
1.10223162174225,0.0380923859775066,0.15664590507988,0.0599867072629525,0.818877158065637,1.40820516248544,-0.086781247928169,0.148665925850004
1.15539264678955,0.0615529827773571,0.0696157598189629,0.0386153632453148,1.06206770042578,1.25373157660166,0.026152201211356,0.098204564177254
1.30914521217346,0.115624241530895,0.110209064977732,0.0336376760341253,1.136672103405,1.48718753655752,0.0556352013510498,0.17236573598793
1.01203382015228,0.000471423292765394,0.158652949441808,0.0633340997529294,0.752933877209822,1.30632999638716,-0.12324318413512,0.116052899378164
0.803793787956238,-0.0971942767500877,0.084955845603508,0.044858374495462,0.652429759005706,0.967259661853314,-0.185466239717794,-0.0144569630444357
1.21219670772552,0.0819380879402161,0.113053623418524,0.0366958728882109,1.04270564715068,1.39840286870797,0.0181617256259336,0.145632305971248
1.19455587863922,0.0744098573923111,0.139869867848137,0.0488118120600167,0.952221291760604,1.45330750644207,-0.0212621394169308,0.162357516701978
1.11507105827332,0.0457727946341038,0.0979831279352269,0.0358505370794983,0.955051173269749,1.27711851199468,-0.0199733750082177,0.106231184916693
1.23680865764618,0.0907092243432999,0.112635184235073,0.0363941280092487,1.05351406832536,1.42390732467175,0.0226403306569094,0.153481723510157
1.12101113796234,0.0456481613218784,0.157114320579474,0.0581268763976352,0.857586266100407,1.40619919498762,-0.0667222095704466,0.148046843243992
1.24603414535522,0.0940259099006653,0.121690904366659,0.0342018328179058,1.09178373018901,1.40702533821265,0.0381366181061525,0.148301917492772
1.99764800071716,0.299379289150238,0.181002994882059,0.0288795460206755,1.81323360403379,2.18146010041237,0.258453758916446,0.338747273452071
0.945672929286957,-0.026941079646349,0.106182465056713,0.0481748824755258,0.75043607155482,1.1568947583437,-0.124686300090508,0.0632938525735958
1.56921660900116,0.194376364350319,0.148674430734995,0.0313844823218543,1.39733185172081,1.73896966179212,0.145299558631344,0.240291996896056
1.12676000595093,0.048324104398489,0.145076554258571,0.0550714240157483,0.874601104855537,1.40361305077871,-0.0581899786647146,0.147247397464546
0.963627219200134,-0.0196496788412333,0.123884769323925,0.0556547403895224,0.732224688430627,1.21710134843985,-0.135355745610018,0.085326733551326
0.98703807592392,-0.00854315888136625,0.117072617327073,0.049579003848177,0.781991137564182,1.20524148543676,-0.106798177574421,0.0810740520016663
0.796695172786713,-0.100568391382694,0.0783359956616522,0.0394067821404362,0.669297368327777,0.930562431613604,-0.174380883921681,-0.0312544880731327
0.877460837364197,-0.0599056109786034,0.110134713455185,0.0515598411127382,0.691008321940899,1.0778586735328,-0.160516722324014,0.0325618067704007
1.31331372261047,0.117047168314457,0.116667655443219,0.0322755455786698,1.15718275606632,1.47693967123826,0.0634019480680799,0.169362718541403
0.922432839870453,-0.03730858117342,0.0948941135233205,0.0440126512433251,0.753043948113918,1.10950617094835,-0.123179678351279,0.0451297219423616
0.947574973106384,-0.0252430532127619,0.0873269523162037,0.0406735623432282,0.794116722047329,1.11240733961264,-0.100115673881782,0.0462638403800767
0.956787884235382,-0.0213357768952847,0.0940240391330465,0.0439728994670308,0.785756170749664,1.13319677213828,-0.104712224922778,0.054305239378475
1.34229123592377,0.126755744218826,0.107200098854302,0.029380744848844,1.19420389731725,1.48764729698499,0.0770784821467197,0.172499977181123
1.12898087501526,0.0502015762031078,0.125788526146877,0.0458640796832956,0.912084589898586,1.36262324750423,-0.0399648825139458,0.134375790534875
0.896649777889252,-0.0505345873534679,0.10946410670657,0.0523050278872638,0.692874574661255,1.10033185680707,-0.159345379199996,0.0415235837707733
1.35741555690765,0.131337329745293,0.12681855625696,0.0326295762747382,1.19668045938015,1.52514065305392,0.0779781993563129,0.183309897381638
1.05358743667603,0.018181100487709,0.160842941106123,0.0614015624723874,0.794160738090674,1.36018653810024,-0.100091606856484,0.133598468242296
1.05815696716309,0.0230067316442728,0.0947636256514153,0.0358047591021831,0.904312978188197,1.20877314110597,-0.0436812427836673,0.0823447933863105
0.919199705123901,-0.0407630726695061,0.129924358807538,0.060020715895462,0.688090085983276,1.17382628719012,-0.162354701337871,0.0696038310395621
0.891425907611847,-0.0515662245452404,0.0816434366937539,0.0372076458767565,0.755650329589844,1.03114843269189,-0.121679124037679,0.0133211853462461
1.07577347755432,0.0307873599231243,0.0725913503954732,0.0285363996941097,0.966852994759878,1.19070364634196,-0.0146395588594367,0.0758035942844707
1.55288541316986,0.190247729420662,0.116497060218084,0.0261156158484309,1.42097963988781,1.68395392000675,0.152587854570431,0.226330203172677
1.03782916069031,0.0142371030524373,0.103175811098597,0.0396231604204193,0.874732501308123,1.21253496905168,-0.0581247539520654,0.0836942199360328
0.796761393547058,-0.103658311069012,0.128929966854442,0.0650034085054048,0.583844490349293,1.03769568006198,-0.233702815269229,0.0160699823092852
0.934396505355835,-0.0335409119725227,0.12861626693284,0.0595270433560383,0.695535562932491,1.19598710437616,-0.157680664268316,0.0777264927957141
0.983514666557312,-0.00863927975296974,0.0696657289402159,0.0405153420498556,0.878334677716096,1.09486940701803,-0.0563399766911584,0.0393623207472526
0.952841877937317,-0.0245540123432875,0.12444041585356,0.0555007068493976,0.736401578783989,1.20079806745052,-0.132885293897502,0.0794699728635937
0.754157185554504,-0.123948372900486,0.062707489530509,0.0346032818544504,0.647987640897433,0.866139097015063,-0.188433277481232,-0.0624123640884125
0.669350028038025,-0.177074924111366,0.0760222885782791,0.0485334516951278,0.533640716969967,0.818912506103516,-0.272751041990394,-0.086762505050178
0.855251669883728,-0.0695666149258614,0.0756552304680161,0.0380577187658292,0.722638225058715,0.993365602195263,-0.141079071261407,-0.00289088310595241
1.40048086643219,0.145391970872879,0.0987918628915656,0.0266141397845699,1.26697668731213,1.53409792383512,0.102768622648436,0.185853080272114
1.13189303874969,0.0513487532734871,0.124353787360037,0.0457350608109917,0.912616027891636,1.36178558270137,-0.0397119143008091,0.134108731958971
1.19564890861511,0.076150506734848,0.102846058453037,0.0348785512538501,1.03055451611678,1.37259829243024,0.0130709707136395,0.137543441888249
1.58657777309418,0.199540451169014,0.116228214550386,0.0269565155135844,1.43712448080381,1.73525517185529,0.157494387367838,0.239363346522871
0.842016577720642,-0.0797397196292877,0.141101533077341,0.0650872085260821,0.61933349420627,1.09256852666537,-0.208075433950579,0.0384486846281744
1.15287363529205,0.0605425424873829,0.0910763617698445,0.0323149884001782,1.00923707286517,1.30443604886532,0.00399319378133123,0.115422790522624
1.07576680183411,0.0303545631468296,0.0874607381268947,0.0341921494109117,0.927279110252857,1.22542135814826,-0.0327895311372668,0.0882854454087824
1.48108887672424,0.1698018014431,0.10499924780088,0.0242438186123046,1.37172031899293,1.58685556948185,0.13726557064442,0.200537400405402
1.73805952072144,0.238979861140251,0.143354360456363,0.0289114101337339,1.56837558845679,1.90922007858753,0.195450071339504,0.280855991013571
1.57433104515076,0.195697158575058,0.132129258115177,0.0342649503321619,1.36215502719084,1.79956134259701,0.134226537420048,0.255166654443843
1.14785122871399,0.0584604740142822,0.101006540500676,0.0341334677587711,0.993521306415399,1.30942965447903,-0.00282281566603768,0.117082165786819
0.815705120563507,-0.0914303064346313,0.0975616807802423,0.0504299400420776,0.642826568583647,1.00192196965218,-0.191906182355082,0.00083388099241805
0.928638577461243,-0.0350340530276299,0.108972635286324,0.0497715947591899,0.739101655781269,1.13541310528914,-0.131295849916322,0.0551539023806843
0.757130324840546,-0.124214880168438,0.0952077178244794,0.0542287509809374,0.583708181977272,0.938329829275608,-0.233804219807987,-0.0276444782362162
0.816502809524536,-0.0891033336520195,0.059621157990862,0.029842599796991,0.719469012320042,0.91458726922671,-0.142987983126048,-0.0387748494972102
0.811949670314789,-0.0920479074120522,0.0716514586386878,0.0365578566383253,0.6892919977506,0.942479074001312,-0.161596769467154,-0.0257282837180839
0.72321081161499,-0.142392948269844,0.065502012902554,0.0374843403907296,0.609456479549408,0.8388896048069,-0.215057301640796,-0.0762952071003209
0.756034016609192,-0.122914560139179,0.0632378896168241,0.0352933416098831,0.644795403877894,0.871881357332071,-0.190578067642411,-0.0595426084828857
0.88241046667099,-0.0554942153394222,0.0637962762791467,0.0324704342307523,0.773905030389627,0.996767512957255,-0.111312333968135,-0.00140612542804433
1.19892740249634,0.0758664458990097,0.14324550679951,0.0500020972013232,0.9507556249698,1.46751543680827,-0.021931098053759,0.166582677630369
1.00841057300568,0.00231018802151084,0.0773788734841141,0.034997305920703,0.881521645188332,1.13914654254913,-0.0547670284651394,0.0565795959596134
1.18455159664154,0.0716371238231659,0.116193517613493,0.0401846141637417,0.989882067342599,1.38817524313927,-0.00441654395489387,0.142444284355145
1.13528120517731,0.0542486272752285,0.0792091426911275,0.0260698822519405,1.03296609520912,1.23811601996422,0.0140860670091403,0.0927613408386821
1.062873005867,0.0222028717398643,0.157084981778355,0.0601430256817344,0.805862637857596,1.34575238426526,-0.0937389864392867,0.128965148595513
1.04685759544373,0.0170426480472088,0.121705364193962,0.0495021316079591,0.834519611299038,1.2759088387092,-0.0785634713803218,0.105819645048206
0.713972091674805,-0.148761957883835,0.0774669139795678,0.0457687702232891,0.575090632836024,0.856023045877616,-0.240263710347983,-0.0675145718129807
1.29409325122833,0.110280379652977,0.108670040474387,0.0402385955976394,1.11845772266388,1.48587706486384,0.0486195725522474,0.171982878013637
0.998939573764801,-0.00341918296180665,0.119512185745586,0.0503116174955153,0.796857779224714,1.22596746484439,-0.0986191838648628,0.0884789426768326
1.03292393684387,0.0130803417414427,0.0710075089828731,0.0293593555023277,0.918136442701022,1.14981978535652,-0.0370927751006961,0.0606297774310217
1.28596675395966,0.108278647065163,0.0898834897346961,0.0281369298230333,1.14573000172774,1.43099969526132,0.0590822781341065,0.155639541271104
1.38052070140839,0.138613656163216,0.126518827132352,0.0336839937265744,1.20524877210458,1.55509291787942,0.0810766963211433,0.191756343411978
1.21012187004089,0.0817528590559959,0.0871744755105589,0.0307080665720655,1.0737029949824,1.3502888083458,0.030884164232074,0.130426611603394
0.806148409843445,-0.0948862656950951,0.063849888217314,0.0334598541933871,0.686827733616034,0.931570467352867,-0.163152177994844,-0.0307842879260471
0.989076972007751,-0.00649793026968837,0.0920843887331551,0.038189569722713,0.830068028966586,1.15861643453439,-0.0808863835106411,0.0639396126289993
1.23001563549042,0.0881998613476753,0.112332713735034,0.0382506693000571,1.03716460267703,1.4250979890426,0.0158476854829701,0.153844722835552
0.685077011585236,-0.165805771946907,0.0607436524150132,0.0359612965967812,0.583014570176601,0.789809467395147,-0.234320637914475,-0.102477670084388
0.817771911621094,-0.0884127467870712,0.0605390797488387,0.0293742816268428,0.721548600494862,0.915343596537908,-0.14173442225659,-0.0384158525707113
0.948710441589355,-0.0261181220412254,0.119583089968913,0.0527057636316068,0.737359142800172,1.18284219702085,-0.132320930947076,0.0729267134126948
0.785217940807343,-0.10657425224781,0.0663898952764538,0.0372815139429217,0.673808060586452,0.906426823635896,-0.171463801518116,-0.0426672512487088
1.00026738643646,-0.00209835101850331,0.101200016261394,0.0440816261858535,0.820304996768634,1.18728893001874,-0.0860246902245482,0.0745564177250091
0.846579015254974,-0.0736743658781052,0.0686019306746424,0.0338050490939208,0.732228062053521,0.965502195556959,-0.13535363229517,-0.0152467417643367
0.883120715618134,-0.0550315752625465,0.062378875889479,0.0302494361547558,0.780411426226298,0.99357357720534,-0.107676386756402,-0.00279996662740465
0.91839325428009,-0.03890585526824,0.089045790518606,0.0406131152732725,0.763436159988244,1.08152371942997,-0.117227298847936,0.0340360395933623
1.12204301357269,0.0465957410633564,0.143410344119223,0.054196321135037,0.86511653761069,1.40912323693434,-0.0629254538622829,0.148948966790972
0.950925469398499,-0.0237386543303728,0.100089626455389,0.0388404989985287,0.811635222534339,1.10001621246338,-0.0906391141884301,0.0413990858593299
1.15528690814972,0.0594517104327679,0.147962676591309,0.0523013464492344,0.906147867441177,1.4213073293368,-0.042800943734863,0.152687989310927
0.975584745407104,-0.0145010510459542,0.131481088698101,0.056885954635702,0.745489505430063,1.22357474466165,-0.127558473395223,0.0876304933787641
0.708747744560242,-0.151356756687164,0.0662174661900304,0.0399263513891232,0.58944658835729,0.835076754291852,-0.229555542480384,-0.0782736058357661
0.707357823848724,-0.152010515332222,0.062427614808121,0.037742205282735,0.594001736740271,0.824307186404864,-0.226212290432073,-0.083910917357913
0.986492693424225,-0.00721233617514372,0.0790219612851103,0.0334078354468208,0.858594525357087,1.12086859345436,-0.0662119331373924,0.0495546982461184
0.778116345405579,-0.110922068357468,0.0756262469681482,0.0410430311420548,0.644869530200958,0.916324577232202,-0.190528143128404,-0.0379506799680582
1.13314998149872,0.0529533922672272,0.0869302413112333,0.0353615728847584,0.995904199779034,1.27886379659176,-0.00178243890580232,0.106824292350877
0.883746206760406,-0.055251594632864,0.071114957837355,0.0394696681351162,0.765692392488321,1.00382532874743,-0.115945668637564,0.00165814963958256
1.71182012557983,0.232171162962914,0.168651866194287,0.0305449144000682,1.53956109682719,1.88724442223708,0.187396920624879,0.275828150482455
1.68269956111908,0.224892482161522,0.147676840360749,0.0288439519543593,1.51872208714485,1.84413568973541,0.181478309035788,0.26579287282665
1.30754995346069,0.113706104457378,0.149783693257458,0.0486745517355934,1.04500048458576,1.59031501909097,0.0191164917300159,0.201483150188121
0.815834641456604,-0.0899282023310661,0.0718984166644463,0.0358101137450785,0.696474707623323,0.940658883750439,-0.157094650542178,-0.0265678396937524
1.30487740039825,0.113289400935173,0.136158914129789,0.0442733153297256,1.0599130521218,1.56545020739238,0.0252702402156204,0.194639222020764
0.933561503887177,-0.0313235521316528,0.0758198680255407,0.0366966469545213,0.808433099587758,1.06476591030757,-0.0923559145082657,0.0272541381863119
0.973567068576813,-0.0132362963631749,0.0926913902475293,0.0359974772057571,0.839274187882741,1.11689086755117,-0.0760961337407916,0.0480107398660461
0.915599524974823,-0.0396944582462311,0.0740306472035202,0.0351792928890416,0.792529041071733,1.04710741837819,-0.100984815147531,0.019991235570006
1.07090151309967,0.0289100427180529,0.0595189208995641,0.0302413435755154,0.993488550682863,1.1524959007899,-0.00283713387575786,0.0616393856075162
0.827299833297729,-0.0837974399328232,0.0705040600483487,0.0351652061127698,0.705339089532693,0.949152540663878,-0.151602056652946,-0.0226639856497142
1.66406154632568,0.220212504267693,0.120777162356869,0.027811810610162,1.49248069425424,1.84074876010418,0.173908707941104,0.264994516174891
0.776253461837769,-0.111588425934315,0.069662614022529,0.0365792416793609,0.659035920103391,0.89340539375941,-0.181090954861247,-0.0489514312781449
0.723932683467865,-0.142055884003639,0.0667591500134349,0.0386927750493134,0.604782509803772,0.849668883283933,-0.218400783520126,-0.0707502867831562
0.764640033245087,-0.118032202124596,0.0651454445000115,0.0356051802610427,0.652000819146633,0.883809551596642,-0.185751870846046,-0.0536413123209318
0.996472954750061,-0.00304180942475796,0.0848935040518119,0.0360994023432339,0.852663964033127,1.14862769246101,-0.0692220973373069,0.0601792822261044
0.998707830905914,-0.00282712420448661,0.104795870273199,0.044006974616591,0.817892353236675,1.1927388638258,-0.0873038529664545,0.076545370325291
1.02606391906738,0.0076588629744947,0.131692264118115,0.0552073299887341,0.785945861538251,1.29273380637169,-0.104607368768781,0.111509104523558
0.868423759937286,-0.0676208585500717,0.159531946601057,0.0733877674333852,0.610943553348382,1.17079669733842,-0.213998933955579,0.0684814822044766
0.705436825752258,-0.152787312865257,0.0558415373585046,0.0323530877842409,0.612553038696448,0.801068819065889,-0.212856302946945,-0.0963301734883115
1.17535471916199,0.0674053877592087,0.137460962356778,0.0484449899942939,0.941050526003043,1.43050985733668,-0.0263870617918585,0.15549085392637
1.16522634029388,0.0651216432452202,0.0867819236999492,0.0352114700726118,1.02403433124224,1.31583900849024,0.0103145146940356,0.119202754504107
0.918832421302795,-0.0381605848670006,0.0760996457749358,0.0345519956862662,0.792977213362853,1.04867519835631,-0.100739313169945,0.0206409566540451
0.774410665035248,-0.112319275736809,0.0616146633674223,0.033143124292012,0.668228710194429,0.88636189699173,-0.175074869076807,-0.0523889436202142
0.806681275367737,-0.096308708190918,0.0965869150190188,0.05092032123497,0.634748699764411,0.999574885269006,-0.197398204457483,-0.000184668421851111
0.757933437824249,-0.121958702802658,0.0675054105217228,0.0366427055802169,0.643964451054732,0.876967460413774,-0.191138106781491,-0.0570165259275587
0.965447664260864,-0.0164235755801201,0.0696895006666681,0.0322886540721423,0.848858912785848,1.09170546034972,-0.0711644875684414,0.0381054694169196
0.838958323001862,-0.0777717083692551,0.0723050081059434,0.0358154432092601,0.719216929376125,0.967450595895449,-0.143140099377042,-0.0143712098837017
0.964203834533691,-0.0168302040547132,0.0700606930090927,0.0286774692044453,0.857609641055266,1.07210887670517,-0.0667103454104441,0.0302388855482799
0.817138016223907,-0.0905642136931419,0.0961621041373938,0.0494931142790988,0.646784328917662,1.00268404980501,-0.189240511263104,0.00116403309544042
1.12027680873871,0.0471162460744381,0.118672235807281,0.0431086190074621,0.923569870491823,1.33436508675416,-0.0345302624608395,0.125274670139243
0.953722238540649,-0.0221549682319164,0.0889581801329789,0.0358105753707876,0.820933400591214,1.09131535291672,-0.0856920742881888,0.0379501903685698
1.33758616447449,0.125256970524788,0.0966106081305019,0.0302619287318725,1.1854821095864,1.49727271695932,0.0738950043068835,0.175300910329889
0.835748910903931,-0.0800359845161438,0.0852231195144102,0.0423839557950561,0.685343600809574,0.987628175814947,-0.164091641457326,-0.0054065299661782
0.80174857378006,-0.0986008271574974,0.0892263636705825,0.0477993763298446,0.636283147831758,0.981133529047171,-0.196349618676682,-0.00827188540655458
1.03111362457275,0.0119133954867721,0.087629765586906,0.0340231084835073,0.893071808914344,1.17474083900452,-0.0491136220526074,0.0699420659697529
0.97467315196991,-0.0124914646148682,0.0718166185479117,0.0369544087533776,0.85536666760842,1.09527430931727,-0.0678476810708843,0.0395229008111868
0.936593055725098,-0.0303863286972046,0.0912814992596319,0.0405882512714416,0.779382827877998,1.10538546442986,-0.108249168890797,0.0435136975018033
1.08562731742859,0.0333460792899132,0.117901103569636,0.0443428837590428,0.884852116803328,1.29604178468386,-0.0531293058974326,0.112618955108691
0.983766973018646,-0.0084761893376708,0.080975355828473,0.0341448418923118,0.846619420746962,1.12161296308041,-0.072311773591875,0.0498430181099516
0.935980677604675,-0.0307420138269663,0.0878658312688385,0.0428398920317895,0.780981703102589,1.10146599312623,-0.107359164800035,0.0419710025348616
0.848548173904419,-0.0745095238089561,0.108410989189309,0.0518073169114018,0.669510594507058,1.04928116500378,-0.174242547039086,0.0208918763402425
0.800053000450134,-0.0983342081308365,0.0680604324565366,0.0350127619893612,0.683759997785091,0.918110320965449,-0.165096312221156,-0.0371051320370073
0.950972378253937,-0.0249835141003132,0.116626189936203,0.0521064590234454,0.747147575517495,1.16829787393411,-0.126593609873825,0.067553586062218
1.16585922241211,0.0652690604329109,0.101510456395749,0.0334996957621664,1.01112804710865,1.31811679104964,0.0048061568729279,0.119953892383658
0.938333094120026,-0.0286351647228003,0.0652488336986411,0.0292111274426629,0.833253095050653,1.04710334638755,-0.0792230645138789,0.0199895297563139
1.08179247379303,0.0291668549180031,0.174010968216478,0.0647102019134516,0.801772414147854,1.39231174687545,-0.0959488902639795,0.143736470986646
1.14216899871826,0.0549990646541119,0.129222092798578,0.0488091503468773,0.915808738271395,1.3864068855842,-0.0381952248862757,0.141890700817179
0.872745394706726,-0.0604832954704762,0.0725081151395536,0.0339297968981036,0.758075907329718,0.997310243546963,-0.120287309236371,-0.0011697203021399
0.77958732843399,-0.109820678830147,0.0716481798290278,0.0376975432536365,0.660564405222734,0.904542919993401,-0.180084847063464,-0.0435708380631843
0.686875820159912,-0.164865016937256,0.0642123058315785,0.038348465354317,0.576588148872058,0.800073286890984,-0.239134288530297,-0.0968702306709463
0.909140706062317,-0.0446661412715912,0.112202112373922,0.0536046124487004,0.703476371367772,1.13630711436272,-0.152750485378109,0.0554956671104931
0.819178283214569,-0.0878984406590462,0.06557522785135,0.0327653797034285,0.711533478399118,0.927931119998296,-0.1478046630986,-0.0324842634338946
0.947267770767212,-0.0247898995876312,0.0763117319354662,0.0324259410026346,0.824965339899063,1.07127966582775,-0.0835642988027812,0.0299028593796484
0.996971607208252,-0.00478014536201954,0.127244724491742,0.0547648100547451,0.771664162973563,1.25023312966029,-0.11257167585266,0.0969910029370123
1.06674551963806,0.0266726650297642,0.0896185717149485,0.0340998568823841,0.901253145436446,1.2401912411054,-0.0451532066401104,0.0934886595544654
1.42065572738647,0.151402220129967,0.104286021657287,0.0304006750241783,1.25643866360188,1.60056497057279,0.0991412884278115,0.204273295942181
0.80522495508194,-0.0958210602402687,0.0724902271186982,0.0390209274802147,0.676565593481064,0.943198159337044,-0.169690138183527,-0.0253970790912927
1.01630115509033,0.00402915850281715,0.12412553999866,0.0504405578241196,0.800250852108002,1.25372396210829,-0.0967738932910229,0.0982019262081992
0.922588765621185,-0.0362434312701225,0.0724281725362442,0.0327015056037153,0.804081272582213,1.04639585018158,-0.0947000533206985,0.0196960080054069
0.999138295650482,-0.00161305849906057,0.0743872743233357,0.0335741403782958,0.872406592965126,1.12936458090941,-0.0592810630510141,0.0528341501712119
0.800578713417053,-0.0981555134057999,0.0660677867423316,0.037939565246004,0.6902552485466,0.916888582706451,-0.160990288603685,-0.037683435416485
0.983890056610107,-0.00883719604462385,0.0816103805070678,0.0432905170718312,0.853868313133717,1.12665505806605,-0.0686091028915807,0.0517909645968586
0.744502425193787,-0.129523187875748,0.0611013720866335,0.0344583476929445,0.638041584193706,0.852823684116205,-0.195151015669873,-0.0691407585434162
0.644676208496094,-0.192938044667244,0.0678093753096991,0.0441524445482737,0.52464195638895,0.768661453326543,-0.280137005192326,-0.114264897527007
1.27241384983063,0.103152379393578,0.104826352748255,0.0364413092168571,1.09163587292035,1.45223476489385,0.038077797415787,0.16203682837355
1.08091378211975,0.0320781320333481,0.0706990859948696,0.0512074730717496,0.984513366222382,1.17767053147157,-0.0067783836934831,0.0710238053856036
0.861333191394806,-0.0664808377623558,0.0699759382218162,0.0408340305567678,0.745505172510942,0.984256159265836,-0.127549340866765,-0.00689187469639794
0.900835156440735,-0.0469154790043831,0.0786666718431994,0.0364292476145033,0.767159193257491,1.04143056869507,-0.115114506659277,0.0176303184725545
0.799814641475677,-0.0987602695822716,0.0742687790803035,0.038506957758505,0.672572818895181,0.933456404010455,-0.172260690468344,-0.0299059605181986
0.939739048480988,-0.0282940305769444,0.0750174648593233,0.0333008712336647,0.816213450829188,1.07013651231925,-0.0881962546931173,0.0294391594714926
0.79963493347168,-0.0985341891646385,0.0674404195199078,0.0346860133477547,0.687769994139671,0.916482330858708,-0.162556776122955,-0.0378759106524179
0.834247291088104,-0.0801464319229126,0.0695669730711349,0.0350746940658546,0.717492392659187,0.963852686683337,-0.144182705491983,-0.0159893377824787
0.991810858249664,-0.00473003694787621,0.0759870291514429,0.0311805579394463,0.866852629184723,1.11605869829655,-0.0620547304256711,0.0476870345314199
0.799282491207123,-0.098753996193409,0.0689362773972743,0.0348740350075323,0.686849095920722,0.915861451625824,-0.163138669524229,-0.038170222915463
0.854108572006226,-0.0705806985497475,0.0882406681600393,0.0419249536966091,0.70996697495381,1.01049097379049,-0.148761855929486,0.00453243821933811
0.87857985496521,-0.0575483590364456,0.070293430550498,0.0337731192851998,0.75866926163435,1.00320059855779,-0.119947512056935,0.00138777699753218
0.860473215579987,-0.0666074529290199,0.0696165390855612,0.0338758812017522,0.740092861652374,0.985331011315187,-0.130713784734966,-0.00641786997957162
0.900572240352631,-0.0467940643429756,0.0721360895002686,0.0335427005176697,0.777032726506392,1.02604819238186,-0.10956069093607,0.0111677558309416
1.03903198242188,0.0151015622541308,0.0803449447987006,0.039362812481124,0.908664866288503,1.18001529475053,-0.0415962644883443,0.0718876324486759
0.846058964729309,-0.0740399584174156,0.0691836962461937,0.0356265653116807,0.728709741433461,0.971035985151927,-0.137445430883579,-0.0127646805848703
0.84717208147049,-0.0733128264546394,0.0670824890880791,0.0331303380711422,0.734954754511515,0.963819856444995,-0.133739396301644,-0.0160041684110251
0.946920216083527,-0.0251277647912502,0.0759057506860523,0.0365917676488283,0.822883092363675,1.07864341537158,-0.0846618649072826,0.0328778961125176
0.849928975105286,-0.0733824446797371,0.0988165164432227,0.0485533421177345,0.679466331998507,1.0351286371549,-0.167832057980546,0.0149942669262188
1.14387392997742,0.0570930428802967,0.0858454455087416,0.0346661201172217,1.00276633004347,1.29024938642979,0.00119974220190777,0.110673657850508
0.965891897678375,-0.0168713461607695,0.0905447491535322,0.0391588379098152,0.808771937092145,1.12681204974651,-0.0921739264359415,0.0518514825352801
0.777829468250275,-0.1106236577034,0.0653829336371515,0.0363199904907166,0.663630151251952,0.901587483783563,-0.178073890825348,-0.0449921362169788
0.905686616897583,-0.0442916974425316,0.072389319596232,0.0326937226537877,0.787938197950522,1.03168883721034,-0.103507845529882,0.0135487197448016
0.81697028875351,-0.090292751789093,0.0879770145760335,0.0466191292034411,0.652184801300367,0.994127577543259,-0.185629326996088,-0.00255788214440757
1.39804995059967,0.14331741631031,0.147752542987391,0.0430908473287611,1.14838825762272,1.66078485250473,0.0600887376514978,0.220313347120232
0.920667111873627,-0.0380243435502052,0.0929273833878734,0.0427238164555677,0.753708653151989,1.09655070404212,-0.122796504016206,0.0400287148590172
0.793761372566223,-0.101783126592636,0.0644719103689422,0.036717283759873,0.6814300964276,0.91191963305076,-0.166578690192884,-0.0400434384474448
1.0907644033432,0.0366352722048759,0.0724235850968659,0.0337084937646489,0.981583322584629,1.20277028679848,-0.00807282909718704,0.0801826905501686
0.919351279735565,-0.0374934375286102,0.0622154609651715,0.0293389584364328,0.82004456371069,1.02601488232613,-0.086162547140211,0.0111536490505249
0.830975770950317,-0.0818416848778725,0.0698755049256488,0.034892566920059,0.713916026552518,0.956691163778305,-0.1463528755191,-0.0192282437390144
0.760383427143097,-0.120484434068203,0.0666646278461986,0.0356734024986317,0.648474606871605,0.880378573139509,-0.18810702553213,-0.0553305363543855
0.737409591674805,-0.133872911334038,0.0643114244597727,0.036819187673943,0.620252978801727,0.857651973267396,-0.207431180028388,-0.0666889088937524
1.16829204559326,0.0667989775538445,0.0763035730009296,0.0244733055866587,1.07040462692579,1.26697479387124,0.0295479761211312,0.102767971932636
0.68813019990921,-0.164088845252991,0.0629557998950065,0.038904506831491,0.574348945915699,0.80757590085268,-0.240824171726454,-0.0928166494918964
1.60855937004089,0.203360393643379,0.217414774434377,0.0497594562536922,1.29020621081193,1.95059981644154,0.110659111433226,0.290168174204278
0.996025025844574,-0.00279438891448081,0.0713052731202897,0.0302747737681898,0.877944003542264,1.12103242278099,-0.0565331876634807,0.049618173548976
1.04666531085968,0.0175725277513266,0.109773862264945,0.0436014737743643,0.853484352429708,1.24796211222808,-0.0688044372738668,0.0962014003483214
1.2417756319046,0.0930617898702621,0.0856131479838642,0.0291914134453717,1.10416590372721,1.37732767959436,0.0430343318212858,0.139037274172864
0.953452050685883,-0.0226686056703329,0.093551156648334,0.040911932274651,0.790526883304119,1.12203265825907,-0.102083356527783,0.0500054978227777
0.918796479701996,-0.0382243767380714,0.0744674087154298,0.0359737675173405,0.789439465602239,1.04942897458871,-0.102681171598181,0.0209530455922559
0.888988554477692,-0.0519948862493038,0.0603376858692673,0.0271791298785907,0.795095805327098,0.98704605003198,-0.0995805378658752,-0.00566259800130972
0.847058594226837,-0.0734998136758804,0.0704048629601681,0.0346791709343451,0.726990163326263,0.971836133797964,-0.138471465634009,-0.0124069798520482
0.946803987026215,-0.0253955163061619,0.0936544994865896,0.0363462449716589,0.815026784439882,1.08403399586678,-0.0888281213814619,0.0350429020894555
0.763338387012482,-0.118840493261814,0.0660084633074424,0.036507587959008,0.650118102133274,0.888547072311242,-0.187007743228086,-0.0513195601006833
0.82916659116745,-0.0828036442399025,0.0685643596835981,0.0354372309678956,0.7122004956007,0.949299423396587,-0.147397730330863,-0.0225967835014773
0.800053060054779,-0.0985181331634521,0.0718038535955287,0.0372729570320448,0.676801790297031,0.925865410765012,-0.16953850452,-0.0334521464108564
0.759586095809937,-0.12196958065033,0.0836943425583717,0.0468184258873211,0.607914677262306,0.916291968524456,-0.216157385886223,-0.0379661201595107
1.23541510105133,0.089435949921608,0.135210064554617,0.04476572970433,1.01105023225149,1.4733508169651,0.00477273269932653,0.168306158695054
0.889481961727142,-0.0520464703440666,0.0685857532625628,0.0315470288382979,0.778054977953434,1.00835296014945,-0.108989785626497,0.0036125775220152
0.977285087108612,-0.0114008663222194,0.075863212818374,0.0370161177202653,0.85016713788112,1.11167839666208,-0.0704956863113342,0.0459791587627086
1.15897953510284,0.0614035092294216,0.134296714079152,0.047537921646553,0.929410537580649,1.39968362351259,-0.0317924078455934,0.146029880582191
1.26425993442535,0.0941748321056366,0.267003130740838,0.0797455557478733,0.867713185151418,1.74024360775948,-0.0616240395122531,0.240609947754399
1.10575067996979,0.040253046900034,0.144428841936355,0.0537552130882449,0.862759029865265,1.36394958297412,-0.0641104895123207,0.134798282722857
0.962632119655609,-0.017724372446537,0.0721925643232307,0.0322416840824326,0.845211047430833,1.08486369053523,-0.0730348405815728,0.0353751707676833
0.949541866779327,-0.0239673685282469,0.0747753809250966,0.0378945951372777,0.825324326753616,1.08029515743256,-0.0833753552458184,0.0335424293108745
1.10764408111572,0.0402633771300316,0.158990460825293,0.0592905475264849,0.845960111916065,1.41223949094613,-0.0726501150819404,0.149908342023355
1.16751337051392,0.0656757652759552,0.102344114179182,0.0367871287598747,0.994009232024352,1.35269295771917,-0.00260958284552471,0.131199228067269
1.15010321140289,0.0582307986915112,0.126940330447519,0.046239554209878,0.929944866895676,1.38101914922396,-0.0315428142268637,0.140199700541551
0.878750860691071,-0.0574027039110661,0.0694715892204683,0.0328723829359994,0.762853634357452,0.999274234473705,-0.117558780601344,-0.000315314880872813
0.825205147266388,-0.0847995281219482,0.0670938585015758,0.0340690149356696,0.712670531868935,0.94436736057202,-0.147111198628568,-0.0248590338928217
0.922297656536102,-0.0366629622876644,0.0722064600853054,0.0394514242834888,0.803610702355703,1.05191940863927,-0.0949542896750643,0.021982462676007
1.33324146270752,0.123740747570992,0.107990399038213,0.030680139542667,1.17984780569871,1.49143466353416,0.0718259730278468,0.17360422704688
1.43062591552734,0.154311895370483,0.127479269899623,0.030424188770812,1.28049161831538,1.58078381518523,0.107376739246798,0.198872480613711
0.918118834495544,-0.0383852906525135,0.0717651979718999,0.033353074258233,0.793316504359245,1.04399503072103,-0.100553510660961,0.0186984298724819
1.38895547389984,0.141462758183479,0.108226979893385,0.0323670388885187,1.21681295633316,1.56324894924959,0.0852238098466314,0.194028138665365
0.859577417373657,-0.0669420510530472,0.0663899899659072,0.0324550300431812,0.738238639632861,0.987517348428567,-0.131803231239704,-0.00545527891897991
0.961674511432648,-0.018475815653801,0.0736962169388305,0.0396027767758512,0.840903413792451,1.08478402694066,-0.0752539743432975,0.0353432816418692
1.50362730026245,0.175919324159622,0.137368328002316,0.0303391840555333,1.34228045841058,1.66493750711282,0.127843267179318,0.221397875868739
0.929771780967712,-0.0330881997942924,0.0777492128041793,0.0355893501583092,0.787525934477647,1.06898384690285,-0.103735163076135,0.0289711426533073
0.980915725231171,-0.00954042840749025,0.072916201890872,0.0320127612637196,0.853941298524539,1.10927186707656,-0.0685719830808187,0.0450379986561299
0.830838859081268,-0.0818966776132584,0.0683957548067438,0.0349550433358261,0.713085755209128,0.954614528516929,-0.146858239057433,-0.0201719820994976
0.837313294410706,-0.0787431299686432,0.0752117646784957,0.0371405743275418,0.714171086251736,0.971015169719855,-0.146197742722643,-0.0127740247695424
1.07413709163666,0.029758645221591,0.0852334158482418,0.0337329363210267,0.944283625980218,1.2144558062156,-0.024897541018229,0.0843817064469432
0.921034455299377,-0.0371808223426342,0.0784541023064745,0.0350848738320761,0.791086349387964,1.05801459352175,-0.101776111681536,0.0244916548803916
1.58676671981812,0.199060469865799,0.138920976654124,0.0345982754353563,1.37725015779336,1.81851076881091,0.139012828169042,0.259715845319033
0.85674911737442,-0.0685699433088303,0.0702059255992696,0.0352426913299816,0.735113933682442,0.981075398127238,-0.133645345485522,-0.00829761517822046
0.862930595874786,-0.0655639320611954,0.073974307220144,0.0364529660366973,0.732507325708866,0.998150944213073,-0.135188030931557,-0.000803786606928311
0.89882892370224,-0.0477112047374249,0.0730145317779878,0.0347886787951717,0.776207026342551,1.02809962232908,-0.110022432399118,0.0120351996085067
1.0472332239151,0.0161780621856451,0.141479070891575,0.0578315694552829,0.799949273467064,1.32243749598662,-0.0969375542868411,0.121375154503026
0.796049416065216,-0.100795440375805,0.072837218644355,0.0385395963027906,0.670023445785046,0.929518164694309,-0.173910004070307,-0.031742118874453
0.824970126152039,-0.0853512361645699,0.0745258721574679,0.039925166118516,0.697475256025791,0.962973753611247,-0.156471215425278,-0.0163855676272723
0.873510539531708,-0.0601378679275513,0.0721260701532737,0.0347094740702933,0.752607487142086,1.00098925332228,-0.123431481066614,0.000429414048154736
0.800756931304932,-0.0980221033096313,0.0699676527648172,0.0358070252509754,0.685092123846213,0.923309900363286,-0.164251033919867,-0.0346525110056983
0.841214656829834,-0.0766358003020287,0.0731795010925261,0.0361895534547548,0.71907620926698,0.973535620669524,-0.143225080110794,-0.0116481757536428
1.05316042900085,0.0210952293127775,0.0867143758753191,0.0345939110502984,0.90539542088906,1.204043841362,-0.043161716999788,0.0806422756489335
0.735465943813324,-0.134294599294662,0.0528403008629395,0.0258719833129075,0.671910654505094,0.802519806226095,-0.172688473103627,-0.0955442404077365
0.77800065279007,-0.110335536301136,0.0622728605057012,0.033496349058485,0.67102522055308,0.885695401827494,-0.173261162835153,-0.0527156100141118
1.28754603862762,0.108768276870251,0.0964837593568628,0.0282215387542209,1.15491263071696,1.42464641431967,0.0625491309389239,0.153707088336615
1.17732906341553,0.0693546608090401,0.0963566034455655,0.0380122759262402,1.0138853987058,1.35430557231108,0.00598885944038133,0.131716665237857
0.906503438949585,-0.046071857213974,0.127993967927421,0.0530302129499656,0.715414077043533,1.11155425608158,-0.145442526994668,0.0459305472780268
1.30817222595215,0.114302210509777,0.128188846253254,0.0486620558482532,1.09587913453579,1.53535109162331,0.0397626579062276,0.186207701975562
0.818419754505157,-0.0888354852795601,0.0758350978597341,0.0395042180660393,0.683298311134179,0.960023111104966,-0.165389653426126,-0.0177183367897179
1.23100650310516,0.0884728729724884,0.114597130526376,0.0390572469874742,1.0333133260409,1.44575093686581,0.0142320258338193,0.160093482398263
0.852025389671326,-0.0710757225751877,0.0767522337878507,0.0355103953998956,0.731459382673105,0.977456389367581,-0.135809791062633,-0.00990261168676997
0.941956520080566,-0.0273463353514671,0.0762146835589411,0.0347100375364894,0.81204262971878,1.08114746610324,-0.0904211711275995,0.0338849240856339
0.793240606784821,-0.101856388151646,0.0631689025095594,0.03256623655833,0.689952411254247,0.905023509760698,-0.161180883390501,-0.0433401400708234
0.848936796188354,-0.0727168023586273,0.0724603503838374,0.0376066531526487,0.72003304908673,0.979947431385517,-0.142647571728335,-0.00879722533622149
0.678271353244781,-0.170307889580727,0.0619227040815523,0.0381954647840654,0.569557885328929,0.792232103149096,-0.244462131109151,-0.101147566088804
1.31057059764862,0.114179067313671,0.172722267026726,0.0523589199416929,1.02232617835204,1.60396716097991,0.00958947378311537,0.205195471068319
0.662833452224731,-0.180455297231674,0.0644118581502239,0.039545136802471,0.553766197462877,0.777464264134566,-0.25667356785941,-0.109319564032917
0.88551139831543,-0.0543495416641235,0.0711251785428181,0.0388939753787975,0.770745831727982,1.0103651056687,-0.113088815326179,0.00447833747957579
1.07935583591461,0.0317087695002556,0.0823009406016768,0.0381924914581112,0.940011507769426,1.22410112917423,-0.0268668522852422,0.0878172881561103
0.977191209793091,-0.0128677058964968,0.113613480057394,0.0495737133482796,0.770626091460387,1.19874297678471,-0.113156436561343,0.0787260747202451
0.819203615188599,-0.088393434882164,0.0785132209684982,0.0386221789733945,0.693294322987397,0.957030713558197,-0.159082356116468,-0.0190741279170724
0.858672261238098,-0.0696180313825607,0.109647683418597,0.0545972863380143,0.660025165975094,1.07867189745108,-0.180439540597986,0.0328892364282562
0.878379583358765,-0.0576945804059505,0.0715656076926726,0.034518396058669,0.7600002810359,1.00529313782851,-0.119186248832868,0.00229271802782498
1.01968717575073,0.00721132336184382,0.0787447753707706,0.0333107945134674,0.893179241319497,1.15149645507336,-0.0490613810874368,0.0612626007385352
0.943228006362915,-0.02743174508214,0.0930488864143182,0.0419990608777874,0.774831939240297,1.12249389588833,-0.110792540757961,0.0501839860306803
0.955369353294373,-0.0213592611253262,0.0753029140133373,0.0388669947878215,0.825505958000819,1.08964739441872,-0.0832797879235103,0.0372859841406788
1.10253071784973,0.041010495275259,0.0843737911208407,0.0364298755553773,0.963282753030459,1.24565170705318,-0.0162462177534681,0.0953966275158002
0.946244060993195,-0.0254234001040459,0.0759194575027121,0.0362659238450041,0.823725045720736,1.07553180654844,-0.0842177494392171,0.0316232581828893
1.08666694164276,0.0343583822250366,0.0970234779034073,0.0392657149839831,0.91475559125344,1.2670902599891,-0.0386949320303718,0.102807504499848
0.845802366733551,-0.0747916549444199,0.0855145368245439,0.0417941185006627,0.700648014744123,1.00622043907642,-0.15450010466079,0.00269313035593126
0.799990177154541,-0.100720703601837,0.106502692479588,0.0575054224258944,0.607036590079467,1.01538144449393,-0.216785152122088,0.00662921348912648
0.72867226600647,-0.138941004872322,0.0637385427415022,0.0349861823074513,0.625135268270969,0.835325531164805,-0.20402600433992,-0.0781442480176343
0.915373265743256,-0.0397038944065571,0.0700883570986826,0.0344360563189561,0.796928106248379,1.04149551888307,-0.0985808562449044,0.0176574056969825
0.701847910881042,-0.154958084225655,0.0537495214418798,0.0319723448275044,0.610732805728912,0.798417218526205,-0.21414875939555,-0.0977701066466103
1.46314406394958,0.163955867290497,0.122307668714762,0.0331622724392584,1.27268224358559,1.65617849230766,0.104719976238223,0.219107140394197
1.38777911663055,0.140721842646599,0.123861898515638,0.0367166528077513,1.18148234784603,1.60981022119522,0.0724272370784686,0.206774678653807
0.953538298606873,-0.0248171873390675,0.134303447613594,0.0598960514513826,0.715512702365716,1.21064768731594,-0.145382659496935,0.0830177709533658
1.29715073108673,0.111002244055271,0.128508169891345,0.0410557760399223,1.07877784073353,1.52868101199468,0.0329320165194653,0.18431686858401
1.02600932121277,0.00986308790743351,0.0776438469883257,0.034432198812128,0.896544387936592,1.15869744022687,-0.0474282058791481,0.0639700469647593
1.15842425823212,0.0623224675655365,0.101937281082685,0.0360797818334404,0.986579426129659,1.33808494607608,-0.00586798207668832,0.126483660748681
0.833361744880676,-0.0807517543435097,0.0727919920499357,0.0368545892642863,0.705241282780965,0.967474780480067,-0.151662277133558,-0.0143603624829545
0.775694131851196,-0.111704796552658,0.0647416016874512,0.0343090419569537,0.667825212577979,0.884209971129894,-0.175337188941684,-0.0534445936545998
0.888687193393707,-0.0525271855294704,0.0702579438961128,0.0329772404160685,0.773009413480759,1.01308435897032,-0.11181521783612,0.00564560996227434
0.801728248596191,-0.0973512902855873,0.0686580807498628,0.0337046255217363,0.695903265972932,0.91286933173736,-0.157451125410482,-0.0395914259764958
1.18242907524109,0.0707335099577904,0.116478791611563,0.0419169767091917,0.975363222757975,1.40650414824486,-0.0108336439698652,0.148141016079273
1.09511661529541,0.0383438728749752,0.0795943019063002,0.0314344628050244,0.969543212155501,1.2242923895518,-0.0134328314246597,0.0878851460830287
0.714396417140961,-0.147647649049759,0.0628336368352091,0.0367966829282765,0.603254312773546,0.826617988447348,-0.219499573085799,-0.0826951482207961
0.722359716892242,-0.143159821629524,0.0689231512746731,0.0405487354537135,0.59831115057071,0.852532177666823,-0.223072903910613,-0.0692892316754312
0.889331161975861,-0.0523044019937515,0.0725668127249072,0.0341516908016876,0.765897470712662,1.0204128275315,-0.115829364907745,0.00877590905434578
1.14627075195312,0.0574559308588505,0.0837682810490199,0.0495295474627757,1.02167994777362,1.27729480961959,0.00931486954152722,0.106291146622354
1.13789117336273,0.05429358035326,0.109185262855021,0.0389317335385937,0.958484954635302,1.3267940312624,-0.0184147009293301,0.122803361945517
0.835735559463501,-0.0796723589301109,0.0785159432466425,0.0382318650737376,0.707869227727254,0.97159298757712,-0.150046967409566,-0.0125156284178773
0.952492773532867,-0.0222493056207895,0.0706864519113235,0.0307137639675084,0.835245809952418,1.07114406724771,-0.0781856947778764,0.029847886056998
0.857614159584045,-0.0681417658925056,0.068635841301712,0.0365717046208256,0.746515481670697,0.975128680964311,-0.12696118313781,-0.0109380698659532
1.01090097427368,0.00330375600606203,0.0640199329389921,0.0431953181621067,0.921944447358449,1.1015216777722,-0.0352952478828595,0.0419930472097605
0.98694783449173,-0.00845200847834349,0.113489822230176,0.0485157895354155,0.788783439993858,1.20338535706202,-0.103042216754759,0.0804047161628614
0.833096265792847,-0.0808960869908333,0.0624373371437887,0.0420579478539414,0.732688694198926,0.939887543022633,-0.13508050992684,-0.0269241064906
