PHI,log10.PHI,Std.Dev,log10.Std.Dev,0.025,0.975,log10.0.025,log10.0.975
2.3490297794342,0.368873745203018,0.226933249950928,0.0418427923140462,1.93950847685337,2.82412176926931,0.287691682000768,0.450883388445183
2.88358592987061,0.457866370677948,0.283189983720734,0.0422957297556033,2.38251543839773,3.48692349791527,0.377035723412786,0.542442417473044
2.73167753219604,0.435372412204742,0.192428322071111,0.0301818683728365,2.39478411078453,3.1412980457147,0.379266367954144,0.497109129678873
2.47611737251282,0.391772568225861,0.238645829685422,0.0416070581889512,2.04528308312098,2.9828498184681,0.310753418921187,0.474631295896754
2.53830575942993,0.402530163526535,0.245790946196863,0.0417770652975725,2.0959572215875,3.05936769644419,0.321382410025885,0.485631676170926
2.53367853164673,0.40173813700676,0.245193142920074,0.0417644722175952,2.09227087895075,3.07239001989365,0.320617908921753,0.487476343013225
2.42503952980042,0.382699370384216,0.23525133016719,0.0418172605548418,2.01064712603887,2.9280859152476,0.303335825743607,0.466583798830871
3.20726132392883,0.505011320114136,0.232803536248939,0.0311079587637386,2.79944100181262,3.71404829223951,0.44707131728416,0.569847534123861
2.23960399627686,0.348012000322342,0.223751736133382,0.0433445919778635,1.829508198301,2.70875696341197,0.262334359965201,0.432770040092349
1.83588433265686,0.261886894702911,0.174825789600416,0.0412493077404282,1.51732392807802,2.21004855235418,0.181078306493395,0.344401807307778
1.41033720970154,0.147001206874847,0.14573974813865,0.0449918662980649,1.14156596561273,1.70627275506655,0.057501010603912,0.232048452847389
2.7555627822876,0.43914383649826,0.195008317589655,0.0303234439120279,2.41362963716189,3.18608134587606,0.382670628572279,0.503256840591729
2.38693618774414,0.375984936952591,0.221826907775317,0.0401108827414367,1.99085089862347,2.85648116668065,0.299038735152491,0.455831354523313
1.95049452781677,0.288333714008331,0.178783975070001,0.0396455347943538,1.62868766188622,2.32438665429751,0.211837806063114,0.366308373157203
2.67909288406372,0.42692968249321,0.188913846095907,0.0301837187731486,2.34704183737437,3.09281919201215,0.37052082567555,0.490354526590306
1.98618674278259,0.295973658561707,0.193248852055238,0.0421597746193207,1.62975616057714,2.38302415013313,0.212122630501602,0.377128425100131
0.791978597640991,-0.119918063282967,0.223315893105801,0.131416416251227,0.381032531211774,1.25601931313674,-0.419037947705092,0.0989961298359386
1.98809468746185,0.295559972524643,0.228557713211,0.0500961057151601,1.56498578290145,2.45797255635262,0.194510393883632,0.390577026148918
1.80578553676605,0.251724094152451,0.271749271172509,0.0658038104507348,1.31517325937748,2.35845571160316,0.118982967261041,0.372627725211628
1.6502468585968,0.215461060404778,0.161734405856258,0.0426587973937038,1.35170877774556,1.98406214813391,0.130883133613228,0.297555271668965
0.820707440376282,-0.0933264195919037,0.149120441227992,0.0821846849671971,0.536313577989737,1.11095677713553,-0.270581207769114,0.0456971625911791
1.31216168403625,0.11284476518631,0.199526885096185,0.0674650374736592,0.932754057645798,1.71589409907659,-0.0302328754147182,0.234490406969902
2.09815144538879,0.319871723651886,0.200447890816142,0.0412902535990336,1.7348215619723,2.51635175148646,0.239254809663768,0.400771349371651
0.99453330039978,-0.00614566868171096,0.129593907905558,0.0576232022039414,0.744303819040457,1.25463034709295,-0.128249758029194,0.0985157878343985
0.642899453639984,-0.200274050235748,0.122690221309845,0.0874645555181483,0.405150223275026,0.887094390392304,-0.392383919144444,-0.052030177284456
1.04953753948212,0.0146103482693434,0.177531084189852,0.0753519791788828,0.712360327442487,1.41484576761723,-0.147300308574317,0.150709099706044
1.56710779666901,0.190979942679405,0.21454756868481,0.0601490839337425,1.16027661859989,1.99546809593837,0.0645612356510739,0.30004476954647
0.340360760688782,-0.485083639621735,0.0902293472210429,0.126420105197217,0.166334297135472,0.516570957501729,-0.779018193276177,-0.286870018047122
1.10460269451141,0.0376897789537907,0.174578755102657,0.0697767256227975,0.779745957255363,1.45730141003927,-0.108046873384556,0.163549377555819
2.02764272689819,0.304917126893997,0.19840160781181,0.0424763469231015,1.66595254838467,2.43801305492719,0.2216626211454,0.387036022006456
1.09228789806366,0.0322863571345806,0.179748669868769,0.0733089841790687,0.747829260925452,1.46026750902335,-0.126197586774973,0.164432422216463
0.69804060459137,-0.174945965409279,0.195707427337319,0.13316654950497,0.331309591978788,1.10688781142235,-0.479766372425257,0.0441035987872409
0.328993111848831,-0.505683779716492,0.100977856316016,0.147432501368989,0.145482219134768,0.534379626810551,-0.837190846428663,-0.272150212761815
0.498940527439117,-0.307069480419159,0.0729048366685563,0.0688895983806591,0.346683906763792,0.633843478063742,-0.460066665355389,-0.198017975869661
0.645681858062744,-0.198996886610985,0.128142362092795,0.0901924188512357,0.401643332342307,0.902831436196963,-0.396159500014071,-0.0443933278515558
0.556387603282928,-0.267070084810257,0.127318311853579,0.107549145472152,0.309037760893504,0.806308227280776,-0.509988457329362,-0.0934989217418887
0.620259284973145,-0.22719968855381,0.177932052931571,0.136664822705795,0.286413872987032,0.981246502697468,-0.543005963960599,-0.00822190032768438
0.824570596218109,-0.0903552249073982,0.139737340998233,0.0771525267229513,0.55937892695268,1.10286590754986,-0.252293941529099,0.0425227110596979
2.16992163658142,0.334556937217712,0.203674243244527,0.0404092723331234,1.80303561190764,2.60844626625379,0.256004302779709,0.416381894718735
0.516120612621307,-0.308873504400253,0.153744626746063,0.143320742866658,0.228911074995995,0.824815223614375,-0.640334572521134,-0.0836434357798746
0.578271389007568,-0.263349801301956,0.189420559630672,0.154626644812311,0.245677102729678,0.965046977996826,-0.609635482780129,-0.0154515452554747
0.749633371829987,-0.133990496397018,0.147288657595623,0.0894059158670288,0.469937860965729,1.04755605657895,-0.327959564797019,0.0201772663345419
2.67174577713013,0.425735056400299,0.188344068850698,0.0302376708894439,2.33054477572441,3.0848490635554,0.367457449959127,0.489233919032901
0.68532782793045,-0.17454569041729,0.144269525841068,0.0982502941556099,0.405977211147547,0.971690745651723,-0.391498378136567,-0.0124721242909348
2.60091018676758,0.413131833076477,0.250271262583207,0.0415823671668708,2.14802093903224,3.1103339890639,0.332038510090626,0.492807007132365
1.58653998374939,0.198952779173851,0.131761289585172,0.0361105876307977,1.33883228302002,1.86469880143801,0.126726175868043,0.270608691590935
0.441701084375381,-0.382999837398529,0.149663063206876,0.165108039932868,0.174050002545118,0.754632265369098,-0.759326010560684,-0.122264635811705
0.398231118917465,-0.428790956735611,0.138662196882768,0.165293243869542,0.155153211206198,0.693861177066962,-0.809239997355154,-0.158727415405496
0.578294157981873,-0.249615892767906,0.130307085418731,0.103531300959242,0.330357286085685,0.84000732054313,-0.481016114722145,-0.0757169354769496
1.48253118991852,0.169205278158188,0.134815137862111,0.0395934689884593,1.2247780730327,1.76323433220387,0.0880574026470689,0.246310011649799
0.300291061401367,-0.552478492259979,0.106691892932082,0.168164743251508,0.118693454687794,0.530809158086777,-0.925573965224723,-0.275061600866118
0.707846999168396,-0.166793718934059,0.189624492575432,0.124189787163285,0.360830830285947,1.10483641823133,-0.442696754265235,0.0432978914480023
0.568719863891602,-0.268524914979935,0.177841143974257,0.148783268514016,0.248427214721839,0.94345862865448,-0.60480083301621,-0.025277152499077
1.1801141500473,0.0634630098938942,0.229246421865081,0.0868868570932485,0.754891433815161,1.64733212391535,-0.122115511789062,0.216781165513328
0.911250114440918,-0.0435114428400993,0.106626155765951,0.0534901154413349,0.705899639924367,1.12300682067871,-0.151257174571609,0.0503823937091146
0.59867262840271,-0.24151848256588,0.167327009800938,0.132427470896366,0.281694403787454,0.936527970433235,-0.550221790588167,-0.0284792590670917
1.44383776187897,0.156741574406624,0.162606534056828,0.0493010813441965,1.13178310394287,1.78445136447748,0.0537632013942873,0.251504711762911
1.26316344738007,0.0994844660162926,0.120095398329998,0.0415785580932019,1.03465130726496,1.51335634688536,0.0147940060569919,0.179941202398514
0.880319356918335,-0.0577146783471107,0.0878906567891381,0.0469285440605704,0.713578908145428,1.05250763992469,-0.146558059543193,0.0222252565685865
0.62054431438446,-0.224984377622604,0.170012910068691,0.128590333958117,0.304692688584328,0.967063506941001,-0.516138086163387,-0.0145450050461536
0.772628784179688,-0.118794396519661,0.132721975273875,0.0781920264730645,0.51261462221543,1.03898549377918,-0.290209280986504,0.016609478697033
1.22193503379822,0.0854413956403732,0.104707571674725,0.037482461391812,1.01875234941641,1.43105265100797,0.00806862070295796,0.155655612079603
1.9097695350647,0.278928369283676,0.186427945763405,0.042201347418504,1.57163969973723,2.3139120499293,0.196352990127108,0.364346845620939
0.366361528635025,-0.457576662302017,0.109459308079318,0.142299647957979,0.16124710055689,0.594439740478993,-0.792509470531463,-0.225892202905612
0.679012835025787,-0.196213707327843,0.23470658846916,0.162324779520086,0.278207444896301,1.18246944049994,-0.555632009740937,0.0727899228603056
2.14574980735779,0.329707413911819,0.199827479668748,0.0403158113686873,1.78232809801896,2.56254787246386,0.250987653648234,0.408671946960562
0.477701216936111,-0.337148994207382,0.123827121832843,0.124080524672614,0.236617435390751,0.723772091170152,-0.625954025175375,-0.140398169121498
0.671503305435181,-0.188203111290932,0.171475124109607,0.118536311584112,0.349743547787269,1.01308142741521,-0.456250641203122,0.00564435275449013
0.781369090080261,-0.109612256288528,0.0768873529084879,0.0495208125255991,0.635735898216565,0.926145768165589,-0.196723264580347,-0.0333206921554549
0.396463483572006,-0.423797845840454,0.118128274589644,0.145797326263557,0.172170172507564,0.637623238563538,-0.76404217352404,-0.195435885475914
0.859772682189941,-0.0723665878176689,0.145083808140532,0.0793159487762071,0.584619216620922,1.14886482954025,-0.233127548566783,0.0602689333406108
0.299948841333389,-0.548557996749878,0.0971128316894722,0.156293439787128,0.125098718206088,0.500218408803145,-0.902747154234431,-0.30084033403144
1.20579063892365,0.0729284659028053,0.232258394592638,0.0863953256556303,0.764059230188529,1.6924083362023,-0.116873022799995,0.228505151180687
1.26781129837036,0.0992878824472427,0.166032139573819,0.0575020293922031,0.956884089608987,1.60824971298377,-0.019140668258411,0.206353467100504
0.560544669628143,-0.274729877710342,0.175266221324895,0.148120177045602,0.240186917285124,0.929088250299295,-0.619450784998275,-0.0319431152874602
0.859447240829468,-0.0674775540828705,0.0751087941912483,0.0386879878962801,0.711397448678811,1.00493384202321,-0.147887702725062,0.00213744570028939
1.04451715946198,0.0158435292541981,0.123277512367989,0.0519835726173273,0.802201881011327,1.29980207780997,-0.0957164423022756,0.113877214596443
1.14151227474213,0.0549880489706993,0.119530828325612,0.0474701786071139,0.910838707784812,1.37662613888582,-0.0405585304282994,0.138815942613154
0.706875801086426,-0.155553802847862,0.101905541442085,0.0674683815361658,0.515751592814922,0.905950856208801,-0.287559422548856,-0.0428953604576374
1.28161573410034,0.105629563331604,0.125741628661607,0.0432865382701046,1.03934217393398,1.53244145115217,0.0167585434571897,0.185383867610041
0.336984217166901,-0.489943414926529,0.0912230493807159,0.128072913270567,0.163724516828855,0.520267296830813,-0.785886308443399,-0.283773472823313
0.354541957378387,-0.473296642303467,0.109794323790727,0.147057942583271,0.155019215494394,0.579985066254934,-0.809614465545586,-0.236583207997451
0.541387140750885,-0.272954821586609,0.0905401512970591,0.0765312502058052,0.360950004806121,0.715044115980466,-0.442552949631468,-0.145667209790427
0.239016383886337,-0.641721546649933,0.068028021597408,0.139187659507184,0.108413584964971,0.372867723057668,-0.964916526413063,-0.428445249019866
0.423180758953094,-0.397691905498505,0.135566185666779,0.150451195892175,0.183508487790823,0.712819684545199,-0.736343935958755,-0.147020317431625
0.351938337087631,-0.483623296022415,0.127245778444241,0.16739854950077,0.14028340006868,0.623638500769933,-0.85299374355937,-0.205067082074038
0.765038847923279,-0.121369957923889,0.114457546806196,0.0671954175253949,0.546264526744684,0.993321344256401,-0.262597003232406,-0.00291023241005223
0.266119956970215,-0.593183696269989,0.07244348868583,0.131875088847614,0.125031845582028,0.40724790096283,-0.902979517884395,-0.390141145454345
0.607924818992615,-0.219103783369064,0.0688132071376434,0.0516823407297255,0.468187560637792,0.73794313420852,-0.329580129770305,-0.131977103802777
0.308554291725159,-0.535807728767395,0.0994558881524126,0.154268582079927,0.125481381515662,0.512103334565957,-0.901420814975035,-0.290642396245146
0.405599743127823,-0.414405673742294,0.125169229691633,0.144794289190112,0.180408717071017,0.662159829835097,-0.743742765953827,-0.179037173834124
0.897289454936981,-0.0513920485973358,0.122425900394935,0.0628872623196191,0.666248147189617,1.13903756141663,-0.176363987361071,0.056538043197704
0.27296707034111,-0.600192844867706,0.107797075806107,0.184688278122375,0.0978098130474488,0.516661295294762,-1.00961882340765,-0.286794094851959
0.265247970819473,-0.612261056900024,0.10499665335164,0.182818327509277,0.0981094884996613,0.500149862964948,-1.00828970449784,-0.300899848868866
0.807786524295807,-0.0977261513471603,0.118554278849066,0.0679300827170617,0.585072319209576,1.04039586981138,-0.232790524074903,0.0171986194408765
0.956426978111267,-0.0229419153183699,0.121516685083657,0.0563853570769072,0.724680665632089,1.19769815305869,-0.13985333951164,0.0783473729886569
1.00826156139374,0.00030252113356255,0.121060832225565,0.0543248164713986,0.778856429457665,1.25148328443368,-0.108542591518793,0.0974250517222663
0.274426847696304,-0.595780789852142,0.10489165519221,0.179509894044559,0.0969916658475995,0.50280956675609,-1.01326574421229,-0.298596470948111
0.303460836410522,-0.55160129070282,0.115877719598529,0.177244055029544,0.112409254411856,0.564283039669196,-0.949197939040666,-0.248503004177535
0.697559714317322,-0.161425665020943,0.10411103422007,0.06678430148906,0.497645877550046,0.905061722795169,-0.303079675625444,-0.0433218025224451
1.60358917713165,0.202008813619614,0.190715682629329,0.0519167421336822,1.24959551592668,2.00033232569695,0.0967694528666571,0.301102152770131
0.809030652046204,-0.0960572883486748,0.10631933106544,0.0607541960930875,0.597755470871925,1.0161820401748,-0.223476449262589,0.00697151007810414
0.957281827926636,-0.0294967405498028,0.203039857553041,0.0985183240201628,0.566260280708472,1.36251306335131,-0.246983990476062,0.134340633446877
1.07426655292511,0.0292439889162779,0.098403531980365,0.0406638097045216,0.880615576108297,1.27234704693158,-0.0552136400289995,0.104605586025759
0.390965402126312,-0.429671734571457,0.116980624383736,0.144005062482014,0.171265618751446,0.63439311037461,-0.766329844287275,-0.197641576272229
0.865931272506714,-0.0713702142238617,0.170609322271296,0.0893175690952916,0.532932700713476,1.20928577284018,-0.273327898020418,0.0825289431832165
0.716720879077911,-0.147838562726974,0.0857255147177943,0.0531012107549278,0.549533885220687,0.886374287307262,-0.260005555227347,-0.0523828512810433
0.928414165973663,-0.0353198312222958,0.10930582396387,0.051913362807617,0.718947810928027,1.14686286449432,-0.143302682040578,0.0595114903568334
0.265101790428162,-0.604705929756165,0.0912127016783178,0.162920473872169,0.108098262300094,0.461808427919944,-0.966181293485791,-0.335538147216161
0.363281846046448,-0.469042867422104,0.126316100912471,0.167092755914902,0.135771281272173,0.63252020229896,-0.867192312558607,-0.198925905724323
0.277918040752411,-0.579198598861694,0.0864033023243489,0.147562490950798,0.120847252508005,0.460209192583958,-0.917763235338481,-0.337044746079951
0.336755007505417,-0.506774723529816,0.128050186831253,0.179297905962604,0.121317820499341,0.61222809056441,-0.916080870490367,-0.21308675612136
1.10183072090149,0.0397101640701294,0.115627869686394,0.0458472834272356,0.886808264752229,1.34080369770527,-0.0521703038512347,0.127365198508445
0.572080910205841,-0.263809442520142,0.169973902574961,0.141736085067036,0.254798264056444,0.925282979508241,-0.593803647428932,-0.0337254422298772
1.62549555301666,0.208382442593575,0.177728935829188,0.0476737025619229,1.29253302713235,1.99307207465172,0.111441648311474,0.299523003500948
0.736871361732483,-0.136538609862328,0.097306392544479,0.0591825052572536,0.545419198274612,0.925104556977749,-0.26326960093107,-0.033809184901863
1.12093305587769,0.0471424944698811,0.117966557791848,0.0462579546189988,0.894957026839256,1.35826963186264,-0.0481978177117231,0.132985959975066
0.780839204788208,-0.114600643515587,0.135005198948147,0.0821771742948416,0.523447273174922,1.04303094247977,-0.281127414251923,0.018297189723744
0.287873119115829,-0.570502638816833,0.10218197087982,0.167045757557574,0.115020276171466,0.511447565754255,-0.939225910925861,-0.291198994272607
1.71988070011139,0.233428493142128,0.167798754699221,0.0424783010039314,1.40121819674969,2.06569076975187,0.146505715461339,0.315065307880413
0.939811885356903,-0.030064832419157,0.11133020382329,0.0523157034826547,0.721224725743135,1.1609239846468,-0.14192939637013,0.0648037737655315
0.577930748462677,-0.245771929621696,0.104889981506104,0.0834857225948323,0.371672045191129,0.782476046681404,-0.429840111716544,-0.106528949130967
1.01474273204803,0.000255422695772722,0.167208375474223,0.0737521474432669,0.699179763098558,1.35872000455856,-0.155411165350383,0.133129956870294
0.731027662754059,-0.140138179063797,0.097343401471979,0.0607143918834011,0.540582104523977,0.919559618333975,-0.26713833678072,-0.0364201086538069
0.830578982830048,-0.096177414059639,0.212699725803235,0.120353806823585,0.418615062534809,1.25772463579973,-0.378185149880297,0.0995855675259425
2.08533954620361,0.317162960767746,0.201026539941726,0.0418497708990863,1.71169130702813,2.49906407395999,0.233425444983794,0.397777382032532
0.581583857536316,-0.246393769979477,0.125628322728183,0.100768192687395,0.338081783304612,0.82733355263869,-0.470978316972591,-0.0823193944359885
0.580230295658112,-0.254281848669052,0.157818462004264,0.130058155875408,0.281283466517925,0.897802185515563,-0.550856494711944,-0.0468193747164425
0.760961294174194,-0.123534351587296,0.10072682985066,0.0738202678697645,0.569681485493978,0.953462702532609,-0.244367930024058,-0.0206962945319977
0.942246794700623,-0.031860426068306,0.148601391312027,0.0759111061164358,0.661945747832457,1.23283964395523,-0.179177608573196,0.0909065577524183
0.508593142032623,-0.302445381879807,0.0968293899793914,0.091675607243465,0.317610221852859,0.69519921541214,-0.498105561170934,-0.157890726857275
1.09899818897247,0.0392516478896141,0.0980117335928216,0.0391070945820165,0.908149221539497,1.29702377915382,-0.0418427884263463,0.112947937195078
0.704082548618317,-0.157838389277458,0.109053466970682,0.0699951806548795,0.492367999255657,0.916926424702009,-0.307710186277658,-0.0376655137491601
1.36972045898438,0.128287374973297,0.263765615118531,0.086400338107769,0.875165175894896,1.90964045425256,-0.0579100235480477,0.280951600702476
0.920417010784149,-0.0456141941249371,0.189117537518912,0.0929593181634171,0.569675663113594,1.30254865984122,-0.244372742834348,0.114793919095733
1.34253358840942,0.125855311751366,0.13052960735335,0.04254442092768,1.09341372648875,1.60373171468576,0.0387845177801569,0.205131717619539
2.26653003692627,0.351446717977524,0.305553794203123,0.058362287077834,1.72394813497861,2.91735044121742,0.236524195914532,0.464988573654949
0.778251171112061,-0.123223178088665,0.191302826245828,0.11541406716192,0.40991425861915,1.16353418727716,-0.387307028080908,0.0657791282935006
1.1009715795517,0.0390447825193405,0.12280367098199,0.0489470916106558,0.862101029356321,1.34907345573107,-0.0644419218815609,0.130035592832339
0.956156134605408,-0.0244352668523788,0.141956509301547,0.0665539718311376,0.686373898386955,1.24482448895772,-0.163439241096825,0.0951081122401764
1.57192480564117,0.191727802157402,0.230472306046288,0.0642219936405579,1.14114792644978,2.06359949509303,0.0573419400089034,0.314625412811482
1.11779379844666,0.0450648106634617,0.136649618381752,0.0538432420789935,0.860042319198449,1.39859969715277,-0.0654801803192036,0.145693422845961
0.650175511837006,-0.194483160972595,0.114340088231029,0.084297762615102,0.424436754981677,0.863920724888643,-0.372187198780217,-0.0635261098832988
1.23201620578766,0.0876529589295387,0.143046022857428,0.050999173816833,0.961638249456882,1.52322848439217,-0.0169882733354633,0.182765043568396
1.32775902748108,0.116789489984512,0.224689941883745,0.074789836594622,0.92352354824543,1.78210752109687,-0.0345520264027712,0.25093390290787
0.460538774728775,-0.362674534320831,0.149777344765979,0.157729794764987,0.186960949376225,0.755197599033515,-0.728249095446354,-0.121939399514474
0.238806590437889,-0.649520337581635,0.0791959317391887,0.164324517149066,0.0920123260468245,0.408904868364334,-1.03615400940537,-0.388377719028976
0.854328989982605,-0.0719944462180138,0.109522196800986,0.0563995063269345,0.644178228080273,1.07477850914001,-0.1909939591373,0.0313189647776011
1.08948290348053,0.0336127541959286,0.139215090432753,0.0563534721235786,0.825124964614709,1.36776527166367,-0.0834802753634151,0.136011515529101
0.342072814702988,-0.488099455833435,0.104824731326925,0.144026344762459,0.153013415262103,0.563389380772909,-0.815270501674301,-0.249191355393996
0.633326768875122,-0.207524314522743,0.12626889045004,0.0911094257892355,0.388649008174737,0.882801390687625,-0.410442598971017,-0.0541370984364125
0.787727773189545,-0.121219210326672,0.215918039833447,0.127747690165927,0.392329456905524,1.22589059372743,-0.406349083087145,0.0884516949366905
0.841241002082825,-0.0788508281111717,0.107608961701378,0.0585298169545399,0.627842208743095,1.04931195477645,-0.202149496628117,0.0209046207567971
1.81904780864716,0.257785439491272,0.177310795179796,0.0423241980173705,1.48951175510883,2.18402044971784,0.173043923162279,0.339256642800192
0.797866940498352,-0.103435695171356,0.123504186223631,0.0690463863805698,0.563704967498779,1.04863981902599,-0.248948207524696,0.0206263435234701
0.698536336421967,-0.159750282764435,0.0928271640004843,0.0590801140182524,0.519832251966,0.883596461017927,-0.284136780861067,-0.0537460353066639
0.888517081737518,-0.0547821410000324,0.109941590268836,0.0554995301132512,0.678553495804469,1.10508618056774,-0.168415932271578,0.0433960783322389
0.757899701595306,-0.125329703092575,0.109014333688623,0.0680689808483113,0.552928359309832,0.969437655309836,-0.25733113885075,-0.0134801160388346
0.635212361812592,-0.206299409270287,0.123953033348655,0.0934578994184487,0.390691871692737,0.883751652638118,-0.408165626799457,-0.0536697612078151
1.00213992595673,-0.00333829852752388,0.138808391426511,0.0614298608392499,0.734676863749822,1.28318794767062,-0.133903695484041,0.108290268063807
0.48217362165451,-0.32669061422348,0.0979648482535908,0.0961307779939305,0.287677013128996,0.673752079407374,-0.541094930019411,-0.171499881443488
1.09998202323914,0.0372710525989532,0.149854689736737,0.0603247941938315,0.820817947387695,1.40183843076229,-0.0857531561720418,0.146697947004429
1.54953348636627,0.185032233595848,0.238830847170923,0.0672609706535544,1.11504919131597,2.05216294924418,0.0472940025457289,0.312211842379252
0.848270237445831,-0.0772735252976418,0.136131154711137,0.0720255802089049,0.583526999255021,1.12046357293924,-0.233939370796143,0.049397741859316
0.769951045513153,-0.120151475071907,0.130264617358256,0.0775623385088036,0.512493723630905,1.02613393863042,-0.290311479720631,0.0112040480357213
0.47653129696846,-0.350474894046783,0.162616510987736,0.166753084656782,0.193038686240713,0.824225660661857,-0.714355763055041,-0.0839543763716651
0.721990704536438,-0.153410449624062,0.163925096330197,0.104489237306963,0.414413028210402,1.05248989065488,-0.382566617516693,0.0222179212188992
0.628489077091217,-0.219541043043137,0.173486169653406,0.128440833141301,0.313679889341195,0.985096653302511,-0.503513325193713,-0.00652122340713741
0.559046506881714,-0.263717234134674,0.119850140964439,0.102672825713249,0.323660083363454,0.791104800502459,-0.489910858363331,-0.101765985667366
0.747249662876129,-0.132177338004112,0.115574298999795,0.0724580914588806,0.523744246860345,0.974896032611529,-0.280880734973931,-0.0110417102503465
1.31146693229675,0.115852281451225,0.122351048947282,0.0408343013950551,1.08140959938367,1.56094835897287,0.0339902200768007,0.193388533233454
1.7081880569458,0.230465799570084,0.166959642283965,0.0424332849954341,1.40101839601994,2.06095887819926,0.146443835948311,0.314069325079337
1.06541156768799,0.012125164270401,0.275016191937855,0.118710397717227,0.556172124048074,1.63129646877448,-0.25479089504671,0.212532895535386
0.61394852399826,-0.221157252788544,0.119009320805664,0.0946932419445983,0.381866592913866,0.845884538193544,-0.418088334118077,-0.0726889133913436
1.03287577629089,0.0110296765342355,0.120822437198628,0.0515086343299884,0.801902216176192,1.27131414512793,-0.0958785863584777,0.104252878567121
0.487296372652054,-0.32351815700531,0.106701149724881,0.102095781105839,0.274469350030025,0.698505495985349,-0.561506539293605,-0.155830186850622
0.734403550624847,-0.142952278256416,0.144793478750878,0.0896034239910638,0.456100685894489,1.02776248057683,-0.340939311283301,0.0118926410746388
0.666417300701141,-0.188111543655396,0.148522359032147,0.105297492646018,0.377175969878833,0.959013183414936,-0.423456031503166,-0.0181754326083027
0.91605007648468,-0.0420883893966675,0.122128175373047,0.0598087872527035,0.677605443696181,1.15891741613547,-0.16902312926961,0.0640524738789443
0.389297991991043,-0.421776860952377,0.076100389241866,0.121991055508069,0.238749243567387,0.527698566019535,-0.622058000832261,-0.277614240444342
0.809518158435822,-0.097636766731739,0.127190844177877,0.0738891384768175,0.562596010168393,1.05589553117752,-0.249803395458544,0.0236209488341315
0.872332811355591,-0.0614859238266945,0.0836275888964922,0.0448439767504485,0.709951311846574,1.03378157317638,-0.148771441465868,0.0144287720549398
0.275634825229645,-0.59103524684906,0.100079390557273,0.172706909860221,0.107498036635419,0.498252758880456,-0.968599474833142,-0.302550288189795
0.722160518169403,-0.150966852903366,0.147784389923902,0.0931545960517204,0.433821627000968,1.0213835755984,-0.36268880223837,0.00918884940272204
0.396664589643478,-0.427212357521057,0.129838598943323,0.1553084136149,0.169569604843855,0.667558436592421,-0.770652849537499,-0.175511211351303
0.789919018745422,-0.126348182559013,0.250109588922278,0.150155335452324,0.339863963921865,1.32856562137604,-0.468694894554148,0.123383010212839
0.324515551328659,-0.508573532104492,0.0906449234371829,0.139543100122973,0.147326161464055,0.503553199271361,-0.831720212916289,-0.29795464282443
0.340941816568375,-0.4846031665802,0.0902078341799898,0.128615274899034,0.165256613368789,0.518871025244395,-0.781842546984541,-0.284940585842905
1.79414784908295,0.238706097006798,0.481193383713651,0.116128752201518,0.971277255813281,2.77094956239065,-0.012657045258696,0.442628620626403
0.702057480812073,-0.158490225672722,0.103642085041946,0.0656519786125266,0.500131487846375,0.907431962589423,-0.300915873944041,-0.0421859346692238
0.767604649066925,-0.118996866047382,0.103566890293996,0.0608887595181419,0.565115819871426,0.967454600830873,-0.247862572311682,-0.0143694069864481
1.02375268936157,0.00763628026470542,0.110451749878878,0.0473830560322578,0.810453386604786,1.24387504557769,-0.0912719587966558,0.0947767079173131
1.04222571849823,0.0133003825321794,0.151475609126852,0.0640848068617486,0.754666881759961,1.35545185804367,-0.122244708433335,0.132084096212791
0.747135519981384,-0.141197055578232,0.184392480102419,0.116818977101886,0.384580539911985,1.10755011240641,-0.415013131693006,0.0443633834352101
0.271980255842209,-0.589813351631165,0.0857988669852495,0.152242859420041,0.113587811651329,0.448608775188526,-0.944668292606057,-0.348132249706727
0.365194082260132,-0.45136746764183,0.0828887759118387,0.120003475856608,0.195067793751756,0.517703430851301,-0.709814979471681,-0.28591896158469
0.98556250333786,-0.0103955026715994,0.13360582458852,0.060058010300074,0.729925784965356,1.24940803349018,-0.136721523158311,0.0967042781963475
0.481570839881897,-0.351701676845551,0.184247506641743,0.180683619497452,0.167569768801332,0.87756129205227,-0.775804887426147,-0.0567229334942208
0.602979242801666,-0.240988478064537,0.179607300897796,0.14165826517208,0.274291325608889,0.973664349317551,-0.561787948192364,-0.0115907609427009
0.361504137516022,-0.471103131771088,0.126925414068803,0.165872753599187,0.14445732695361,0.636307473977407,-0.840261759691163,-0.196332976283387
0.852988660335541,-0.0771095305681229,0.160667098990734,0.0850577652208727,0.547047634422779,1.18016329407692,-0.261974873545932,0.0719421024768006
0.316170930862427,-0.534246146678925,0.119838336650733,0.17990327401853,0.111679087517162,0.577441301941872,-0.952028656407262,-0.238492174492508
0.609223067760468,-0.223861426115036,0.115126175110512,0.0905135161652833,0.383482292542855,0.83665786087513,-0.416254716280156,-0.0774521068174836
1.12658154964447,0.0488001629710197,0.130187637750696,0.051178103624804,0.881948169569174,1.38678989211718,-0.0545569420831134,0.142010667234681
0.693052589893341,-0.166686922311783,0.123232300629297,0.0828798879092507,0.455443252623081,0.928127118448417,-0.341565737263765,-0.0323925559191043
1.35454046726227,0.129390016198158,0.141852734862534,0.0458592795674827,1.08417884210745,1.64275108873844,0.0351009186542223,0.215571754029958
0.958088874816895,-0.031286284327507,0.225621976079252,0.107289510152804,0.539848473668098,1.41820908486843,-0.26772812279738,0.151740260471246
1.62929999828339,0.208885788917542,0.19467509210275,0.052178220691303,1.27174204389254,2.02276528477669,0.104399027373488,0.305945488214346
0.695260047912598,-0.162528619170189,0.0949589935379936,0.0678216424725263,0.511235868930817,0.876891345282396,-0.291378819858603,-0.0570542163757129
0.831734180450439,-0.0847463011741638,0.120090206341372,0.0651147293423196,0.593850061794122,1.06338851948579,-0.226323255389856,0.0266919577266644
0.322983890771866,-0.525339901447296,0.12487462208116,0.179765715369012,0.120263699814677,0.595684315264225,-0.919865586758928,-0.224983835082437
0.929262101650238,-0.0356679931282997,0.12065746946961,0.0584801566205006,0.703733928004901,1.16806471844514,-0.152591550282432,0.0674668905049161
0.627291142940521,-0.210137397050858,0.113859214961637,0.0830789429572509,0.401707943777243,0.846155285338561,-0.3960895926791,-0.0725499292988976
0.56632125377655,-0.267599254846573,0.166407369780019,0.13930343479836,0.25709475427866,0.913745497663817,-0.589906785387711,-0.0391751735047462
0.799501717090607,-0.107212632894516,0.166237032732374,0.0958253265185582,0.4871320279936,1.13921443025271,-0.312353324889155,0.056605390283044
0.295912384986877,-0.567004382610321,0.120073415177404,0.189588409965441,0.100937575784822,0.566175475716592,-0.995947140990124,-0.247049376170374
0.550796508789062,-0.265021115541458,0.086632564714091,0.075557110831691,0.380176956703266,0.714686971902848,-0.420014259162137,-0.145884266727478
1.19234216213226,0.0747063681483269,0.104993801600995,0.0384666476085795,0.985461050768693,1.40112352470557,-0.00636054203027443,0.146476420102492
0.221083715558052,-0.681827306747437,0.0726266618696894,0.158901580134278,0.0899655222892761,0.367521794140339,-1.04592407218547,-0.434716958982288
0.500119805335999,-0.326843649148941,0.161297298053917,0.158814021937191,0.196778170143565,0.826766487459342,-0.706023093526284,-0.0826171452399919
0.472624123096466,-0.339335232973099,0.11230307038843,0.114846587308232,0.254508604605993,0.687326498826345,-0.594297989576174,-0.162836912506043
0.634755730628967,-0.211948052048683,0.152236656302643,0.120181062818825,0.345276106148958,0.927215264737606,-0.461834561441614,-0.032819430603642
0.551672399044037,-0.266117215156555,0.0985874883927418,0.0860493944793952,0.357978716989358,0.739433446029822,-0.446142855254907,-0.131100911475074
0.42558690905571,-0.392177671194077,0.126179391383157,0.141300123919175,0.190297294904788,0.687544509271781,-0.72056740434479,-0.162699182018713
0.633302688598633,-0.206766277551651,0.120183147370201,0.0874133529335971,0.389470435678959,0.868021099269391,-0.409525523932157,-0.0614697721039744
0.675844013690948,-0.175830453634262,0.101852694736059,0.0740283795823192,0.474657436708609,0.864931407074134,-0.323619711419028,-0.0630183332529135
1.22618508338928,0.083888053894043,0.17823027503046,0.0641561951133021,0.890164971848329,1.58912180960178,-0.0505295082549787,0.201157187942584
2.20955967903137,0.333222597837448,0.498455538169185,0.0990282290802326,1.33725804587205,3.26132046977679,0.12621521944017,0.513393443927987
0.264522790908813,-0.609404802322388,0.0971050729819098,0.173153742433865,0.0996877764041225,0.473852521181107,-1.00135860898101,-0.324356804493803
1.94696521759033,0.286918520927429,0.206509806177905,0.046088618562652,1.56265835861365,2.37573532859484,0.19386403884764,0.375798054325902
0.699415683746338,-0.159661844372749,0.0971066554633185,0.0628796461248678,0.503947830696901,0.888142061233521,-0.297614433355548,-0.0515175650429319
0.640338838100433,-0.209355294704437,0.163379593258888,0.122011750479093,0.327755589783192,0.96100700845321,-0.484450093140388,-0.0172734514545313
0.692828297615051,-0.165631696581841,0.112045756675034,0.0765662863826636,0.479873543977737,0.907391660908858,-0.318873271162173,-0.042205216765169
0.732671439647675,-0.139530658721924,0.101894002704299,0.0633743269783979,0.533445959289869,0.933717092374961,-0.272909573847022,-0.0297847117484623
0.63462769985199,-0.201346307992935,0.0817037556195867,0.0595676800662125,0.468334532777468,0.790366011361281,-0.329443819662786,-0.10217174431223
1.07117414474487,0.0224281214177608,0.195223043936496,0.0813910073426791,0.703825342655182,1.47811904052893,-0.152535211219069,0.169709408698876
0.805852115154266,-0.117365844547749,0.252874611414424,0.149302403483891,0.336027999967337,1.33831126491229,-0.473627252554886,0.126557128495007
1.2425411939621,0.0872664824128151,0.221048540541191,0.0790790802595114,0.828824177881082,1.70010076959928,-0.0815376275054951,0.230474651747513
0.520491659641266,-0.293109744787216,0.105761607091674,0.0929582912508594,0.316045339157184,0.727515890200933,-0.500251338810309,-0.138157583858036
0.613885283470154,-0.221906006336212,0.126438329560995,0.0959903726978242,0.36781497374177,0.86245921254158,-0.434370801126881,-0.064261436983077
0.731550872325897,-0.14228630065918,0.123543294254081,0.0767282104923084,0.490111390004555,0.970211459199588,-0.30970520482401,-0.0131336632793167
0.998106420040131,-0.00533145386725664,0.142087549669551,0.0631530882644679,0.726095633705457,1.27978079517682,-0.139006176639814,0.107135588329707
0.44256654381752,-0.371592432260513,0.117642393955404,0.12991604344028,0.213096894075473,0.675142016510169,-0.671423011983447,-0.170605242558263
0.82935643196106,-0.0860825255513191,0.121339832497607,0.0656718250238617,0.601875266432762,1.07026959458987,-0.220493503319842,0.0294931858249066
0.916070103645325,-0.0566620603203773,0.256975375424425,0.131576537201165,0.443741970260938,1.44027016262213,-0.352869502046919,0.158443962917371
0.461122572422028,-0.344749927520752,0.0842476145887002,0.0918406777677657,0.289857740451892,0.615181635816892,-0.537815097604399,-0.210996637694871
0.26094451546669,-0.60957658290863,0.08597652676212,0.157071931987649,0.107558124077817,0.438511343300343,-0.968356848671632,-0.358019189224095
0.377099424600601,-0.43954735994339,0.0965497174027484,0.12306614755138,0.187335581208269,0.565624584257603,-0.727379894851819,-0.247471915690559
0.388520568609238,-0.432305902242661,0.115236161105005,0.144469060921422,0.169064073388775,0.620425733923912,-0.771948806495674,-0.207310223022827
0.916835248470306,-0.0410257279872894,0.111158170136808,0.0544186394855297,0.699693248172601,1.13463655213515,-0.155092318199117,0.0548567689859533
1.38981425762177,0.139641910791397,0.171274719159708,0.0538479985235583,1.07306209603945,1.74129024744034,0.0306247683645789,0.240871165634311
1.12339925765991,0.0427201054990292,0.209929335234111,0.0834959543238139,0.73213864415884,1.54670119285583,-0.135406672556579,0.189406420468459
1.69885563850403,0.225110664963722,0.257599713916501,0.0665958272025084,1.21612365643183,2.23579824964205,0.0849776607270366,0.349432611754794
0.302963495254517,-0.53942209482193,0.086304633582119,0.142918624324662,0.126360503708323,0.468387211859227,-0.898389210741649,-0.329395083729943
0.859454572200775,-0.0719373896718025,0.14242347403553,0.0740603117327799,0.59127418200175,1.1391136387984,-0.228211110076883,0.0565669895249039
0.57691764831543,-0.247519671916962,0.109033707764035,0.0902727963859344,0.362813412646453,0.788980347911517,-0.440316732542679,-0.102933814898474
1.30628216266632,0.112750753760338,0.159424978956009,0.0538017329153508,1.00343677898248,1.63360266685486,0.00148987593949512,0.213146433036
0.552232086658478,-0.263177841901779,0.0828312819927556,0.069847899869442,0.391450616220633,0.710945124924183,-0.407323020032056,-0.148163919597767
0.392610728740692,-0.41780287027359,0.0840659466199982,0.107485812839563,0.214209555462003,0.547904017567635,-0.66916139702606,-0.261295524635454
1.13023638725281,0.0447879582643509,0.217761693731902,0.0866637590393212,0.727686292429765,1.56620729664962,-0.138055826720835,0.194849232899596
0.755984783172607,-0.127591982483864,0.124249233997841,0.0739033736885019,0.513800088564555,1.00473861793677,-0.289205839408612,0.00205309329749234
0.450359672307968,-0.358927488327026,0.102324383665077,0.108449086393403,0.247685526187221,0.654349570969741,-0.606099407230273,-0.18419018609507
0.531170427799225,-0.287196427583694,0.12061526764511,0.108193147281894,0.298542330662409,0.76634443650643,-0.524994594180543,-0.115576000610398
0.849818825721741,-0.0758413299918175,0.126698443905993,0.0687742112075149,0.609861519436041,1.10212887128194,-0.21476885600359,0.04223237896062
0.927750885486603,-0.0463242903351784,0.227120132519574,0.11194358073571,0.513378409544627,1.39938684999943,-0.289562400986176,0.145937740235457
1.2268351316452,0.0835663750767708,0.187707180556999,0.0680505383794125,0.87202808012565,1.61196928421656,-0.059469579685593,0.207356744755181
0.412494391202927,-0.398011982440948,0.0944014949349231,0.114898961283431,0.216436515996854,0.585950285196305,-0.664669470741307,-0.232139290970747
0.446894884109497,-0.357623398303986,0.0763042931215014,0.0895487305667413,0.293849658221006,0.580457141002019,-0.531874812020642,-0.236229843213555
0.56813383102417,-0.255375236272812,0.113207904321205,0.0981098844569953,0.350207862754663,0.788220637540023,-0.455674108073124,-0.103352207870695
0.395310193300247,-0.414372205734253,0.0820366937102633,0.106529854090568,0.223027931526303,0.542465820411841,-0.651640936679778,-0.265627641874903
0.694966018199921,-0.162097871303558,0.0935641771731912,0.0600498976265581,0.517439728478591,0.880811055501302,-0.286140229736398,-0.055117251776015
0.656303524971008,-0.18898831307888,0.105592399100259,0.0749726994566564,0.450118497759104,0.863169973095258,-0.346673257063452,-0.0639036761450219
2.19583797454834,0.337653815746307,0.296212058474565,0.058669438749647,1.66498363316059,2.80869065523148,0.221409967564054,0.448503909219806
0.660138964653015,-0.190917417407036,0.138966469074966,0.099025332415807,0.386619637409846,0.93232664813598,-0.412716093149644,-0.0304319070465872
0.408956825733185,-0.406149089336395,0.109589851051702,0.130792607881852,0.192534060527881,0.626339022815228,-0.7154926162936,-0.203190562552736
0.601678788661957,-0.224912494421005,0.0819793093955572,0.0622885879804497,0.437688782562812,0.759992634753386,-0.358834583856693,-0.119190617477105
0.728367209434509,-0.14383302628994,0.117863675241966,0.0758375939097624,0.509507150948048,0.960963683327039,-0.292849748125464,-0.0172930248792802
0.234939962625504,-0.64903312921524,0.0630008256234648,0.145723004557366,0.104079346545041,0.353610358635585,-0.982638993781436,-0.451475072189426
0.485357135534286,-0.328392773866653,0.118235377395049,0.117159450670948,0.254645207772652,0.722520389159521,-0.594066808264456,-0.14115001241024
1.75584161281586,0.238090544939041,0.29958571597988,0.0750317466620897,1.20888781448205,2.37928465604782,0.0823859967329462,0.37644637938815
0.777071833610535,-0.127693548798561,0.212393767085057,0.131361233885149,0.374546806762616,1.19352394243082,-0.426495570763041,0.0768308322399312
0.252149760723114,-0.635381281375885,0.101525121009257,0.18578515062336,0.0909931281581521,0.482159357021252,-1.04099140849957,-0.316809407222474
1.06348919868469,0.0225127432495356,0.146972884371254,0.0610065011469616,0.784213190277418,1.36889610290527,-0.105565951607038,0.136370487011978
0.775303423404694,-0.131514236330986,0.231080850714478,0.140171704593785,0.350186669329802,1.2598528444767,-0.455701172951159,0.10031982074126
0.29275843501091,-0.569468200206757,0.11013755470604,0.191080039227273,0.104556930810213,0.530986288189888,-0.980647349095011,-0.274916725967845
0.377819061279297,-0.440329432487488,0.0979161142864609,0.13303426151886,0.179403326536218,0.569529076913993,-0.74616967824151,-0.244484101808569
0.78250116109848,-0.112261362373829,0.123964487168151,0.0721147095514148,0.547209470470746,1.02865195274353,-0.261846402878766,0.0122684547163473
0.697570443153381,-0.164027839899063,0.127160343368656,0.0829376064055866,0.446420903752247,0.944297105073929,-0.350255487916135,-0.0248913432734376
1.03304052352905,0.0104378405958414,0.133394285391535,0.0569081074381672,0.778739172716935,1.30134880840778,-0.108607981259423,0.114393717240683
0.531870245933533,-0.28509122133255,0.115572365011962,0.0995422024592024,0.31296078885595,0.765992146730423,-0.504510165307938,-0.115775730142582
0.576677978038788,-0.248563840985298,0.113714741132488,0.0947328152510064,0.34202875594298,0.795405854781469,-0.465937452297204,-0.0994112298178517
3.32008838653564,0.519044160842896,0.330536529678457,0.0426047810945551,2.75651164054871,4.00805768171946,0.440359829328248,0.602933962965514
0.916147172451019,-0.0415031686425209,0.114191504743606,0.0554618487799761,0.692659883201122,1.15172778467337,-0.159480014152901,0.0613498413799297
0.931756556034088,-0.0385240688920021,0.172877051203716,0.0838691258883864,0.604050383468469,1.28229250510534,-0.218926836476717,0.107987071312128
0.47828221321106,-0.334241569042206,0.116093812951473,0.11365783512939,0.25832618723313,0.711172221104304,-0.587835284226448,-0.148025255024439
0.444276601076126,-0.366329222917557,0.105586489550029,0.115945239824095,0.237779163196683,0.655291772385438,-0.623826221422373,-0.183565286973127
0.330545753240585,-0.506682634353638,0.108884007373118,0.156344992849049,0.137590788553158,0.566577720145385,-0.861410661105746,-0.246740508351224
0.866864085197449,-0.0661123469471931,0.115814466312811,0.0605184446004728,0.647156853973865,1.09665083189805,-0.188990451130306,0.0400683722472722
0.940458416938782,-0.033943172544241,0.168649596571291,0.0808126702850816,0.619579061369101,1.28480559090773,-0.207903346942993,0.108837417632661
0.385227262973785,-0.430805563926697,0.100833389375641,0.124604519686682,0.194295980408788,0.586627269287904,-0.711536227458652,-0.231637756695105
