PHI,log10.PHI,Std.Dev,log10.Std.Dev,0.025,0.975,log10.0.025,log10.0.975
0.49647182226181,-0.318489223718643,0.121349291966182,0.116846159676259,0.270988655090332,0.741997054219246,-0.567048890451492,-0.129597826583285
1.57855355739594,0.194617405533791,0.201135558026086,0.0568116745825881,1.17462693154812,1.96559250851472,0.0698999540091836,0.29349347546004
1.08839702606201,0.0322710275650024,0.154260528484516,0.0633400402601254,0.781705655157566,1.38686766723792,-0.106956746232933,0.142035022879353
0.390468239784241,-0.421752154827118,0.0935805846349809,0.110437359835153,0.215406928459803,0.577644069989522,-0.666741265620212,-0.238339680716355
1.0485508441925,0.015818839892745,0.153188983287891,0.0650003782132956,0.747636860609055,1.34528605838617,-0.126309343255096,0.128814639068194
1.3346586227417,0.121848061680794,0.16706957334614,0.0558831375270742,1.00335959792137,1.6479275226593,0.00145660870326598,0.216938107117589
1.08997428417206,0.0331604480743408,0.150162604482324,0.0614322865108689,0.796257103979588,1.3730667591095,-0.0989466836353676,0.13769159686323
0.782491087913513,-0.111307553946972,0.114282201951547,0.0651809176397853,0.560839104155699,1.00559267004331,-0.251161725442068,0.00242209830027081
1.04655992984772,0.0153553783893585,0.146533944961617,0.0625575553112325,0.7600467056036,1.32079783380032,-0.119159771174715,0.120836347965322
1.86908769607544,0.267940610647202,0.240566257019319,0.0570791264006778,1.39823318421841,2.32780717213949,0.145579478917137,0.366946999880803
2.07010126113892,0.312250345945358,0.268481241066378,0.0574645043938041,1.5495454510053,2.58438734610875,0.190204252255393,0.412357605907831
0.522970259189606,-0.290251225233078,0.102266321303734,0.0887260259061379,0.328660417348146,0.723974337677161,-0.483252775905981,-0.140276830141077
0.544912815093994,-0.274479746818542,0.118704403731657,0.0986676957037437,0.325815014789502,0.781530285875003,-0.487028908249983,-0.107054189871715
0.333928346633911,-0.485482603311539,0.0653612041771439,0.0923107051300377,0.206420361126463,0.457412589838107,-0.685247508147013,-0.339691886206807
1.95898127555847,0.288309067487717,0.253046443311106,0.0573451156804394,1.46672545969486,2.45342740615209,0.166348827245749,0.389773132930809
0.96334570646286,-0.0210113283246756,0.140902054245579,0.0652071813335873,0.690216352045536,1.2344214061896,-0.161015386415081,0.09146344367442
0.374917775392532,-0.442699909210205,0.099555234594278,0.124107662647762,0.187780104825894,0.582191575566928,-0.726350424824227,-0.234934478567447
0.396064162254333,-0.409509241580963,0.0705000178289729,0.0809343260157461,0.256302279233933,0.527252071599166,-0.591248023141331,-0.27798171468184
0.358534663915634,-0.452956885099411,0.0644619242123713,0.0823728877972218,0.234083788345257,0.478171672920386,-0.630628662836538,-0.320416220707139
1.25577962398529,0.0946377962827682,0.173511194776291,0.0615498660104817,0.915761923293273,1.59078741073608,-0.0382175914392167,0.201612145383163
0.832921862602234,-0.083533950150013,0.112830597516935,0.0606421636036312,0.606575357417266,1.03881854812304,-0.217115245272016,0.0165396797272449
0.686402440071106,-0.169756352901459,0.115301076528669,0.0750547122572104,0.471044791986545,0.912794977426529,-0.32693807117401,-0.0396267585808141
0.133719637989998,-0.910357713699341,0.0510273253151648,0.189190407117871,0.0432312709279358,0.24159242870907,-1.36420302960116,-0.6169167213166
1.0697625875473,0.0226787999272346,0.184277034045648,0.0765226308985558,0.729197045167287,1.44883239269257,-0.137155324447218,0.16101812777408
0.263171523809433,-0.59223473072052,0.0603177364699993,0.107315032017374,0.143905356526375,0.377279310921828,-0.841923040208283,-0.423337010056351
1.77138125896454,0.244647115468979,0.22721208154743,0.0568978188236337,1.32622389892737,2.20817856987317,0.122616831461492,0.344034185044573
0.564374268054962,-0.254399836063385,0.0916169462726963,0.0729801385658985,0.381830738236507,0.737847816447417,-0.418129123648917,-0.132033219131404
1.03399550914764,0.00987343862652779,0.148973075986339,0.0641725930189316,0.739998502035936,1.3236099332571,-0.13076920061219,0.121760011849043
0.830070018768311,-0.0862008333206177,0.127466593917022,0.0687814319619888,0.58258736183246,1.07453263203303,-0.234638943876998,0.0312196079567829
0.375066250562668,-0.439162850379944,0.0892685117924164,0.110443726596157,0.205107707654436,0.554486638307572,-0.688018112500888,-0.256109141253769
0.1639004945755,-0.818826615810394,0.0596431907833208,0.181130739553509,0.0577431491576135,0.284979228923718,-1.23849960357131,-0.545186993679065
0.617480158805847,-0.215928107500076,0.105134504997564,0.0764919793125452,0.417036582529545,0.825694725910823,-0.379825866440134,-0.0831804943333748
0.565727770328522,-0.25234118103981,0.0836545656146513,0.0664033643712655,0.402413541823626,0.722045632700125,-0.395327420449266,-0.141435355061123
0.180628567934036,-0.780579328536987,0.0705132136297133,0.19031802106782,0.0598160491324961,0.332086609055599,-1.22318228695648,-0.478748646281763
0.901736736297607,-0.0496089830994606,0.130481323333035,0.0644514632733304,0.647386854887009,1.15364550153414,-0.188836151604863,0.062072376840923
0.533990263938904,-0.277082920074463,0.0759649063083024,0.0642556938007617,0.381036340196927,0.67292221536239,-0.419033609920173,-0.172035134685639
1.5592485666275,0.189463198184967,0.193438542660567,0.0553111487731384,1.16791696548462,1.91949159701665,0.0674119598488694,0.283186214478342
1.31970524787903,0.116529934108257,0.175221994637019,0.0591436155783841,0.972804471850395,1.66072019139926,-0.011974441978971,0.220296465930283
0.273695766925812,-0.579997718334198,0.0734213925512407,0.127169029338048,0.135092315326134,0.421592794855436,-0.869369475040471,-0.37510682545482
0.292662441730499,-0.553834080696106,0.0843458491760594,0.138464672132317,0.132931178187331,0.458495418727398,-0.876373217099569,-0.338665225326019
1.09243607521057,0.035050667822361,0.133046932041248,0.0545054218840452,0.823717106878757,1.33127761483192,-0.0842219229585477,0.124268626257411
2.17869734764099,0.334957242012024,0.261772064927636,0.0535787168722093,1.65132310688496,2.65961846510569,0.217832056027171,0.424819331769916
0.404656887054443,-0.40218397974968,0.0796329843582324,0.0931853985696609,0.252849791695674,0.553299566606681,-0.597137418564349,-0.257039711107429
2.18804216384888,0.33636549115181,0.281281919787317,0.0571214373507206,1.63057136833668,2.71827261249224,0.212339807544047,0.434292983986348
0.299491912126541,-0.534103691577911,0.0635355528576654,0.0977146736858748,0.174708592891693,0.421064498772224,-0.757685844920949,-0.375651374896554
2.1824848651886,0.335360705852509,0.276602951151909,0.0563627137803234,1.62770474950473,2.70906478365262,0.211575627673054,0.432819390716879
0.661787688732147,-0.213329002261162,0.246914675095807,0.181470586291509,0.230467575291793,1.19521939456463,-0.637390175497878,0.0774476081699248
1.38630306720734,0.131397902965546,0.300218973114639,0.0965298686322323,0.849434052407742,2.02732585867246,-0.0708703413585775,0.30692355875137
0.533450186252594,-0.277873277664185,0.0786994970730165,0.0666610618404614,0.375072723875443,0.673947865267595,-0.425884522559205,-0.171373700349232
1.98451244831085,0.294034212827682,0.252733706984897,0.0565601611806424,1.48184348245462,2.47029367486636,0.170802303926817,0.392748579793301
0.474659860134125,-0.357935965061188,0.178346157394612,0.18242094133616,0.166802687446276,0.855997875829538,-0.777797645644911,-0.0675273263127369
1.74506449699402,0.238373830914497,0.21596266940729,0.0552082852184938,1.29911066691081,2.14572105010351,0.113646136507859,0.331573257836408
0.189605742692947,-0.749754786491394,0.0631742836108308,0.163351573584497,0.0695003918682535,0.319390321522951,-1.15801280696094,-0.495678411529273
0.251003324985504,-0.630040884017944,0.0868180205084584,0.169703979657923,0.0919267806534966,0.427923828363419,-1.03655811097846,-0.368633529738039
0.345745533704758,-0.469356089830399,0.0623131693923162,0.0888341643210398,0.22078432738781,0.454590455194314,-0.656031772409848,-0.342379689350698
0.214907929301262,-0.698414146900177,0.0744569557201166,0.174491174958389,0.0781485497951508,0.368687433749437,-1.10707908246182,-0.433341664790169
1.53570175170898,0.18248488008976,0.201276085537243,0.0580885024905739,1.14922450085481,1.91674868365129,0.0604048332059354,0.282565148599818
0.335679918527603,-0.484948486089706,0.0725001351225761,0.0995998097483271,0.196732617666324,0.476636572678884,-0.706123668808136,-0.321812727947294
1.3846892118454,0.134360045194626,0.245880253841372,0.0786719192364596,0.934558586279551,1.89304458697637,-0.0293935265033336,0.277160840639061
0.881645321846008,-0.058983039110899,0.121712492076785,0.0615920354246689,0.641433802743753,1.12080489993095,-0.19284815731905,0.0495299993700096
1.0856773853302,0.0275674685835838,0.206266393876938,0.0853048849462521,0.697287543614705,1.50271922151248,-0.156588324006507,0.176877722219702
0.259659826755524,-0.598950386047363,0.0614162525615832,0.11132399233459,0.139232497413953,0.377454272160928,-0.856259406242063,-0.423135752084773
0.0882483646273613,-1.10715210437775,0.0411219425207131,0.22719448013287,0.0237678398378193,0.17980464125673,-1.62401096749828,-0.745199219885128
1.40060913562775,0.142112299799919,0.192043314710754,0.0610239781634244,1.02376854419708,1.77650942007701,0.010201781503052,0.249567508429782
0.557910203933716,-0.261102437973022,0.101451799694249,0.0835288747495437,0.363896498580774,0.752793756624063,-0.439022519639671,-0.12332399753884
1.15819478034973,0.0596278198063374,0.158069754531713,0.0605980211009777,0.850076113641262,1.46212279399236,-0.070542217200616,0.164983847656793
1.82563281059265,0.257832139730453,0.230617467129197,0.0563523214580769,1.36148630082607,2.25940968791644,0.134013275855054,0.353994982720617
0.51129937171936,-0.301102727651596,0.105707820391917,0.0939262789203217,0.309908814479907,0.722931289672852,-0.508766076015708,-0.14090297849955
0.49044930934906,-0.323719263076782,0.121903553546136,0.114540927167181,0.26927663559715,0.741275971631209,-0.569801330915972,-0.130020089193393
0.984592974185944,-0.0113692842423916,0.141555331345494,0.0640274534950063,0.707287056744099,1.25672354102135,-0.150404294723029,0.0992397476362565
0.23283264040947,-0.648084819316864,0.0584693820637334,0.118691520345613,0.119912493911882,0.343733735382557,-0.921135617900103,-0.463777910827937
0.853011608123779,-0.075217142701149,0.14150052247566,0.074102734565012,0.591028291980426,1.13035332262516,-0.228391737604411,0.0532142136876855
0.614399492740631,-0.21983677148819,0.11742522446201,0.0862246100961693,0.391561647007863,0.844506895542145,-0.407199894955781,-0.073396800133846
1.15080845355988,0.0566445477306843,0.160629086201269,0.0621429747590915,0.838787146906058,1.46225001911322,-0.0763482782229425,0.165021610483637
0.202788949012756,-0.723174393177032,0.0707890007478508,0.170811849184259,0.0747925516838829,0.347994600484769,-1.12614165019087,-0.458427614572427
0.94197541475296,-0.0305383689701557,0.134800685247249,0.0636737438524416,0.677690137426058,1.20481032331785,-0.168968855261819,0.0809186141897654
0.432510316371918,-0.370428919792175,0.0724744004084055,0.0759608052592042,0.290292281657457,0.568297831217448,-0.53716451116442,-0.2454240032885
0.58348822593689,-0.23953652381897,0.0915408673542737,0.0704792449594178,0.403744629025459,0.756776130696138,-0.39389326061351,-0.121032575796607
1.73614180088043,0.230854421854019,0.344994697357283,0.087954590620874,1.10923089385033,2.46960613528888,0.0450219565613245,0.392627562351086
0.591602504253387,-0.23807018995285,0.124646954863842,0.095340997312976,0.359817726661762,0.840043426553409,-0.44391748210452,-0.0756982911303913
0.423913717269897,-0.378790289163589,0.0688768081631062,0.0738752440553029,0.28703767756621,0.547923136254152,-0.542061140507435,-0.26128038880212
0.344166547060013,-0.477184772491455,0.0841742437465575,0.113060151752676,0.185267264644305,0.512362317244212,-0.732201316206015,-0.29042286558622
0.675920486450195,-0.174949124455452,0.0988081233323876,0.0657466180150523,0.479697619626919,0.856156771878401,-0.31903254031854,-0.067446703901018
2.02591490745544,0.303271532058716,0.24768413091934,0.0544661679409571,1.52122495770454,2.50352581938108,0.182193441824741,0.398552074693112
0.784287869930267,-0.111613467335701,0.128859908993141,0.0736678975853004,0.533142835398515,1.03748260339101,-0.273156456266931,0.0159808228756527
0.206829145550728,-0.706463694572449,0.0620626049315775,0.144981758258917,0.090725595317781,0.331266484409571,-1.0422706780045,-0.479822511426055
0.34540519118309,-0.470360487699509,0.0669514803478546,0.0886690687584157,0.213938087721666,0.471272023767233,-0.66971202737988,-0.326728340937077
0.729460954666138,-0.141827762126923,0.107006927497158,0.0654857061194385,0.522655546665192,0.938935891290506,-0.281784436307442,-0.0273640600893582
0.320114374160767,-0.504969477653503,0.0672142124025551,0.0967511914482363,0.190171507497629,0.45068906545639,-0.720854551952491,-0.346122984645446
0.310646504163742,-0.516089260578156,0.0589801287859487,0.0869747737410018,0.196959483002623,0.419861142585675,-0.705623143432684,-0.376894381783568
2.27426671981812,0.351852089166641,0.342299424335259,0.0662534793691342,1.64198344846567,2.96709981560707,0.215368770444645,0.472332156444553
0.873005568981171,-0.0653617903590202,0.147550195875348,0.0752324996993791,0.59441624879837,1.170102267464,-0.225909340284653,0.0682238163414188
0.648118495941162,-0.194498151540756,0.106955778529295,0.0741055340323488,0.443282121668259,0.852461153268814,-0.353319792834635,-0.0693254028963621
2.17015290260315,0.33299657702446,0.271565775022962,0.0555649196546574,1.63433837890625,2.70238419175148,0.213341979294062,0.431747090291609
0.377408802509308,-0.431715488433838,0.0722964936131545,0.0880582006645626,0.237849019592007,0.514790020883083,-0.623698682367156,-0.288369881684935
1.69918692111969,0.226576492190361,0.217252098740601,0.0569818327512908,1.2571753680706,2.10360197822253,0.0993958490881946,0.322963570550976
0.647226631641388,-0.203401207923889,0.160714032985663,0.115333667908247,0.347708368798097,0.96219071696202,-0.458786227850417,-0.0167388742594999
0.559541463851929,-0.261531174182892,0.113426817891511,0.0917922586944167,0.344813376913468,0.785571767389774,-0.462415915296447,-0.104814133265212
1.15698885917664,0.0588764771819115,0.163380094889839,0.0627611968313824,0.841572640836239,1.46841233074665,-0.0749084171589601,0.16684800032063
1.07007086277008,0.025452634319663,0.142188748941071,0.0592435685579971,0.7903438453873,1.33893149197102,-0.102183924873734,0.126758347651879
0.390274465084076,-0.424343407154083,0.100622753701697,0.120624849561489,0.198008957629402,0.589111252129078,-0.703315426529866,-0.229802733230637
0.176492899656296,-0.778043270111084,0.0557774822948826,0.154030612378882,0.0749355853224794,0.287484170993169,-1.12531190164879,-0.541386065286353
0.524577796459198,-0.286813706159592,0.0895819685613927,0.0769787170968502,0.352576264490684,0.692565561830997,-0.452746933990614,-0.159539107780332
0.177065923810005,-0.783099472522736,0.0627727294981648,0.173977883795524,0.0637313432991505,0.306930201252302,-1.19564728579478,-0.512960376250046
0.750100076198578,-0.13118888437748,0.126126894594959,0.074774727038104,0.518115423123042,1.00521243413289,-0.285573480017503,0.0022577622275337
0.281288057565689,-0.572155833244324,0.0835602636424988,0.142185388800908,0.126234503462911,0.45476465622584,-0.898822200774211,-0.342213297406937
0.319615453481674,-0.512424051761627,0.0856963969504676,0.125909476936895,0.160482534269492,0.48949218466878,-0.794572227883168,-0.310254313895645
0.538394570350647,-0.276580721139908,0.0988667188457714,0.083038450645463,0.347923368463914,0.728953437010447,-0.458517218800228,-0.13730022897339
1.27678751945496,0.0993514135479927,0.223164204871695,0.0773562878744146,0.867247791588306,1.73499667445819,-0.0618568023285104,0.23929864616286
0.544683277606964,-0.27646204829216,0.127740224651817,0.106926599909635,0.305040474484364,0.804471048712731,-0.515643897375844,-0.0944896115630143
0.32696333527565,-0.498510360717773,0.0768666796038908,0.109405819774088,0.179404999812444,0.475961932043235,-0.746165468579891,-0.322427806859671
0.64113175868988,-0.201233580708504,0.122327400329379,0.0853976393747763,0.414617404838403,0.891181755562624,-0.382352538392234,-0.0500337243103379
0.321389257907867,-0.504652202129364,0.0717731494067327,0.103380330758989,0.182247397427758,0.461558973789215,-0.73933871489031,-0.33577280257229
0.640032351016998,-0.197634235024452,0.0828417238367585,0.058600177015046,0.467037286609411,0.780156556765239,-0.330648446061697,-0.1078182385298
0.159287557005882,-0.83664083480835,0.0627724921149972,0.194587908387431,0.0514714428844551,0.289370301365852,-1.2884337899524,-0.538546057144764
0.795707881450653,-0.106415010988712,0.1420237134963,0.0799750385606893,0.526268728574117,1.07800197005272,-0.278792449489633,0.0326195543069214
0.70074987411499,-0.158942446112633,0.098937037543989,0.0633329784932099,0.50442817757527,0.883291210234165,-0.297200854378109,-0.0538961147294962
0.63966292142868,-0.200264409184456,0.105929085346679,0.0745573976222618,0.434485724568367,0.844347227116426,-0.36202452579624,-0.073478920054133
0.316507637500763,-0.513372242450714,0.076661996758593,0.112321935241444,0.171658137564858,0.465008100370566,-0.765335727671569,-0.332539500649447
0.277281016111374,-0.571347951889038,0.0681023841960191,0.114723414350937,0.145968702932199,0.411537739882867,-0.835740254354658,-0.385590334255345
0.852664947509766,-0.0736187845468521,0.119332963435048,0.0624653004642785,0.62046696494023,1.07724934021632,-0.207281374801079,0.0323162328844045
0.867954611778259,-0.0658878535032272,0.121105616511076,0.0624387280561296,0.627711919446786,1.09929178655148,-0.202239633157565,0.0411129820911525
0.977220892906189,-0.0150375468656421,0.146677678039846,0.0667261001069323,0.700636480251948,1.25885882675648,-0.154507301017604,0.0999769851204472
0.416175335645676,-0.389713317155838,0.0825819028082258,0.0899390202722503,0.261559689293305,0.577812000612418,-0.582429187448676,-0.238213488747297
0.428632169961929,-0.379351913928986,0.0955715345218652,0.101780762345068,0.245288689807057,0.618472831944625,-0.610322490105374,-0.208679411930792
0.609513819217682,-0.223163187503815,0.115556549417819,0.0854604250507804,0.392275698234638,0.843352501094341,-0.406408608134822,-0.0739908830184958
0.24809367954731,-0.63160252571106,0.081151229745171,0.15858818218248,0.0994073230152329,0.414576639731725,-1.00258245923798,-0.382395244804437
1.18906331062317,0.07167087495327,0.149018355816633,0.0559882066339341,0.892687971393267,1.45842514236768,-0.0493003171488506,0.163884141827191
0.350291103124619,-0.470959335565567,0.0880896513593707,0.120977927007176,0.185469772542516,0.518819042543571,-0.731726861047477,-0.284984269460711
0.797769367694855,-0.102441981434822,0.110219082599567,0.0620242372777903,0.579901958505313,1.00422065258026,-0.236645554092249,0.00182914716105217
0.630155980587006,-0.209778487682343,0.127016447854142,0.0910088776064298,0.391054603457451,0.881235332787037,-0.407762691748769,-0.0549081028233868
2.17697668075562,0.33416086435318,0.280631497908979,0.0570918211429737,1.63447117805481,2.71766198674838,0.213377266719926,0.43419543355156
0.331243395805359,-0.4972303211689,0.0891793866430246,0.127622628984835,0.162253138671319,0.510677982866764,-0.789807200152882,-0.291852894884696
1.61942565441132,0.204336494207382,0.244006303076063,0.0665729023356107,1.15554161369801,2.11009037693342,0.0627855737645094,0.324300808867055
0.521786212921143,-0.289110720157623,0.0893972226338447,0.0766698746079175,0.357214195281267,0.697847102085749,-0.447071295608858,-0.15623972175406
0.678723633289337,-0.174172013998032,0.108877801743852,0.0725405592345433,0.461865297953288,0.884467393656572,-0.335484895010198,-0.0533181735879572
0.569021821022034,-0.257507771253586,0.133227394499586,0.107296697335064,0.320040329545736,0.838607929150264,-0.494795347821702,-0.0764410397001429
1.21781635284424,0.081804022192955,0.158349105217784,0.0578043331035356,0.909382731219133,1.52061180770397,-0.0412533449550327,0.182018347424699
2.59525418281555,0.410462707281113,0.335176715359382,0.0573062182861026,1.9395409822464,3.24607600967089,0.28769896061843,0.511358683510528
0.54659765958786,-0.270867168903351,0.10427825186406,0.0885546291436944,0.345789079368114,0.744289516905944,-0.461188800786043,-0.128258102886956
0.192932292819023,-0.738520562648773,0.0604110258942004,0.150708080237968,0.0826060051719348,0.314727092037598,-1.08298895316121,-0.502065871250582
0.176595106720924,-0.793533980846405,0.07117523289599,0.199516270567383,0.0566260893208285,0.331858090559642,-1.24698343297788,-0.479047630903568
0.324777096509933,-0.495205283164978,0.055588964365124,0.0783231219836586,0.21196790797015,0.422922004014254,-0.673729984349619,-0.373739718658501
2.59958100318909,0.411203354597092,0.336063017794562,0.0570952344764322,1.94747918744882,3.26449948549271,0.289472822202346,0.513816604267396
0.316724896430969,-0.519233405590057,0.0909376207167358,0.137152277382878,0.144825870916247,0.496178767581781,-0.839153904547337,-0.304361856700327
0.252275615930557,-0.634717583656311,0.0980117383438984,0.187596902046495,0.0862665916482608,0.464839508136114,-1.06415736117965,-0.332697034427733
0.717822551727295,-0.150139987468719,0.118865551537705,0.0739982774848555,0.49057874083519,0.956205608944098,-0.30929127581576,-0.0194487316424359
0.504869163036346,-0.301768004894257,0.074401705259026,0.0665003796621291,0.354574139912923,0.641100198030472,-0.450292958917182,-0.193074089405585
0.176469668745995,-0.791651904582977,0.0694062017982089,0.193484487419401,0.0560437789497276,0.325287568569184,-1.25147271493412,-0.48773261650615
0.470611900091171,-0.336846321821213,0.0959682538710042,0.0925806099521946,0.289298317581415,0.659345917900403,-0.538654263748263,-0.180886678261598
1.85075545310974,0.264031767845154,0.225499107527183,0.0541585542013374,1.39760173956553,2.26557742357254,0.145383430593406,0.355178908135355
0.158474147319794,-0.839538156986237,0.0636822120197449,0.196508607450788,0.0513124503816168,0.299501555661361,-1.2897777965469,-0.523601000360649
0.39792537689209,-0.413035899400711,0.0932123143221753,0.108468836185363,0.218841085831324,0.583321998516719,-0.659871139041188,-0.23409164686044
0.234836742281914,-0.648721754550934,0.066028668029311,0.136369436065747,0.109506731790801,0.364424703021844,-0.96055921845634,-0.438392193235252
0.988408029079437,-0.00992468651384115,0.146001222450221,0.0655540948944893,0.71068565795819,1.27242127756278,-0.148322449428954,0.104630922813376
0.37598580121994,-0.437945127487183,0.0893275420527031,0.109412429569947,0.213232229277492,0.551193302869797,-0.671147267231944,-0.258696072163359
0.549008131027222,-0.265674620866776,0.0834806522792016,0.0685197209848763,0.379522570967674,0.703381608923276,-0.420762428383663,-0.152808991220078
1.40850687026978,0.141852021217346,0.248444268896151,0.0782024446728407,0.947507314383984,1.91318165858587,-0.0234177241824774,0.281756130346244
0.72528862953186,-0.146518349647522,0.127996987556515,0.0792142277617502,0.479294817149639,0.979038546979427,-0.319397267637195,-0.0092002193170897
2.23937249183655,0.346526503562927,0.284950181890116,0.0563470904885488,1.68738423983256,2.79479050437609,0.227213975304784,0.446349166614276
0.607985436916351,-0.221172481775284,0.0909500989264731,0.067212999988434,0.430605333298445,0.780386052032312,-0.365920599469276,-0.107690502386096
0.501559138298035,-0.308712840080261,0.098382859732805,0.091220522546421,0.316247984270255,0.692211807270845,-0.499972234437918,-0.159761001985442
0.672155499458313,-0.180206537246704,0.124052404790484,0.0827922349777156,0.440853295475245,0.918184888362885,-0.355705910919257,-0.0370698593811438
0.637318193912506,-0.200367346405983,0.0919487741408458,0.0649110213880523,0.453439061095317,0.804732415576776,-0.343481095745366,-0.0943485089127597
0.396428763866425,-0.410738378763199,0.0772174363684524,0.0903916394251789,0.25033164024353,0.544146214425564,-0.601484255007287,-0.264284388175829
0.129244789481163,-0.920571804046631,0.0461664037399675,0.176259307353487,0.0472561909506718,0.223507523660859,-1.32554135536521,-0.650707863197817
0.294378846883774,-0.542832553386688,0.0658943133824624,0.103661461431461,0.170164104551077,0.423372099548579,-0.76913244829685,-0.373277892368404
0.708046972751617,-0.153465926647186,0.0881379066182326,0.05610476011883,0.523324571549892,0.859167542060216,-0.281228874244905,-0.0659221386945969
1.32186675071716,0.117403894662857,0.171632579507252,0.0579099893165485,0.987177129089832,1.64410023093224,-0.00560492294344578,0.215928286867556
0.444681495428085,-0.370095729827881,0.122228375144384,0.130809838612381,0.215785747021437,0.697475086649259,-0.665977319312746,-0.156471312565508
0.74357932806015,-0.135914921760559,0.133716828274719,0.0802466404639093,0.495253923535347,1.01126494705677,-0.305172080130479,0.00486470727590527
0.606996119022369,-0.224453046917915,0.111617331720936,0.0826264061755838,0.393979546427727,0.828525297343731,-0.40452632682362,-0.0816942282131896
0.270720839500427,-0.588951110839844,0.0798697755943351,0.143421701868162,0.116701473854482,0.432459488262733,-0.93292399358481,-0.364054570189782
2.24678301811218,0.347502499818802,0.30386627002935,0.0598455795731761,1.66424951950709,2.8499245206515,0.221218175015682,0.454833354281677
0.08631631731987,-1.11470425128937,0.0403966764887138,0.220981886032363,0.0241592824303856,0.176708990459641,-1.61691600815818,-0.752741370526165
1.08257007598877,0.028354000300169,0.179005697671154,0.0735352090630209,0.7453675309817,1.44056025445461,-0.127629534327708,0.158531422126585
0.520274102687836,-0.289555847644806,0.0828144261073197,0.0720211061370745,0.35523135488232,0.675254822770755,-0.449488795280645,-0.170532323972816
0.328053116798401,-0.4975945353508,0.0788076527148177,0.11149407031854,0.179181747511029,0.483910156538089,-0.746706235093737,-0.315235262617288
0.529613554477692,-0.284147620201111,0.0996784270053112,0.0854455429376441,0.338644889245431,0.723039844135443,-0.470256652120953,-0.140837770402966
1.66973793506622,0.21709531545639,0.264581369157444,0.069994754876808,1.17751208245754,2.22359318931898,0.0709653312829612,0.347055269854
0.853355169296265,-0.0738139227032661,0.126228774972914,0.0663562333854589,0.604553293188413,1.09186834394932,-0.218565428331162,0.038170268990554
0.573591947555542,-0.252817869186401,0.128302054071522,0.101640781164966,0.336014564583699,0.839066214859486,-0.473641958874145,-0.07620376866412
0.827747642993927,-0.0856022238731384,0.102747754759575,0.0558597863122162,0.616634294887384,1.00842545131842,-0.209972330292691,0.00364378939507283
0.55189311504364,-0.26476263999939,0.0943125002635402,0.0768889033336636,0.372259913384914,0.737036610643069,-0.429153744238465,-0.132510943685434
2.12171316146851,0.3226717710495,0.285074940938357,0.0595415937268318,1.57370879650116,2.67729022701581,0.196924367937645,0.427695452610306
0.200777858495712,-0.72660505771637,0.0692391795004618,0.168167312936239,0.0757004156708717,0.342279662936926,-1.12090211438397,-0.465618989472451
0.971964359283447,-0.0161411836743355,0.126193414390797,0.0580096556791325,0.721460219224294,1.20142505466938,-0.141787682329848,0.0796966842735465
1.4392306804657,0.154219061136246,0.190054646447976,0.0588815357052869,1.06539947589238,1.80255353053411,0.0275124652514748,0.255888153375541
2.0694215297699,0.309141904115677,0.360791276649528,0.0769414600012484,1.41428743203481,2.80277023116748,0.150537286233643,0.447587480180649
0.852915644645691,-0.0722992643713951,0.101121007068936,0.0534887530042008,0.642841732998689,1.02342459658782,-0.191895983543163,0.0100558480106685
0.587236166000366,-0.236303925514221,0.0881858925715144,0.0675826771255868,0.411368995408217,0.75355205933253,-0.385768508491336,-0.122886739001273
0.547170042991638,-0.267048567533493,0.0826378543967768,0.0679273577965714,0.380570975442727,0.702673807243506,-0.419564370449886,-0.153246259719322
1.05686473846436,0.0171391572803259,0.18556257482664,0.0781752097194181,0.709775941073895,1.43207160731157,-0.148878851591128,0.155964676461889
2.02940773963928,0.303731948137283,0.25910790433215,0.0566960014747156,1.51691935757796,2.52605343858401,0.180962386153951,0.402442533262159
0.929883897304535,-0.0409399792551994,0.190608307623515,0.091292869519503,0.585759913921356,1.31561509668827,-0.232280431941598,0.119128847442291
0.448686867952347,-0.355573415756226,0.0818039833995226,0.0819394955197484,0.291985869407654,0.60571609934171,-0.534638165629578,-0.21773088522664
0.66673469543457,-0.181919977068901,0.106077336866233,0.0731876042745615,0.465032155066729,0.866981558998426,-0.33251713054583,-0.0619901455510725
0.438675940036774,-0.367150574922562,0.0877340007351088,0.0919840507391451,0.269799624880155,0.611848375201225,-0.568958679800319,-0.213356193311602
0.820736646652222,-0.0931959897279739,0.14914893019798,0.0811400825427996,0.543434298038483,1.12176439861457,-0.264852966543128,0.0499016446456723
1.79446756839752,0.248908281326294,0.270628396160497,0.0665675686195885,1.28456346789996,2.33509908715884,0.108755534794398,0.368305079308351
