PHI,log10.PHI,Std.Dev,log10.Std.Dev,0.025,0.975,log10.0.025,log10.0.975
2.32049655914307,0.364580184221268,0.157636977540438,0.0295123284136184,2.02480222384135,2.63217405875524,0.306382604530521,0.420314604321457
1.81472420692444,0.25680536031723,0.175090720937707,0.0417322692280931,1.49245506624381,2.21616808573405,0.173901129012484,0.345602661353677
2.23339509963989,0.346813201904297,0.222973355136783,0.0432604861675881,1.81828881204128,2.69810618559519,0.259662523220262,0.431058963971419
2.34073781967163,0.368266016244888,0.165219090253041,0.0308058163401343,2.02132242321968,2.66469539999962,0.3056355540713,0.425647494556265
1.96816158294678,0.291913360357285,0.198215727144202,0.0430555591092687,1.6181183497111,2.3780234515667,0.209010282342397,0.376216024965374
1.84546053409576,0.264252930879593,0.170677434528802,0.0401483851785239,1.53519001404444,2.18455866575241,0.186162133786811,0.339363712061022
1.9248753786087,0.282441258430481,0.182993170316336,0.0413465321153319,1.5881856550773,2.31296077171961,0.200901208555551,0.364168243067893
1.91870427131653,0.280862778425217,0.19028204060298,0.0433073950118458,1.5591686407725,2.31062074303627,0.192892923846353,0.363728623187383
1.04325950145721,0.0159868970513344,0.109454458189094,0.0458863628007016,0.840469211836656,1.26055314044158,-0.0754784082465471,0.100561158444218
1.94496095180511,0.286984443664551,0.183894033585333,0.0409017995806896,1.61785179078579,2.30990137259165,0.20893828897914,0.363593257373546
2.28874397277832,0.358572632074356,0.157068653064719,0.0298894294023192,1.98678974211216,2.60034364660581,0.298151905130813,0.41503072971526
2.67268753051758,0.425885856151581,0.187033928331719,0.0304138222253634,2.31816313664118,3.05884814063708,0.3651439446829,0.485557849418867
1.77878844738007,0.247849181294441,0.183659176632935,0.0443746206861725,1.45100466609001,2.16088696718216,0.161668772813451,0.334631957269728
1.3819454908371,0.13843560218811,0.134540854165495,0.0423237317945794,1.12711805899938,1.6710474272569,0.0519693001291688,0.222988686140629
1.58671021461487,0.198536604642868,0.151227000138968,0.041287679371634,1.31472130119801,1.9282066911459,0.118833636174408,0.285153424261489
1.55380821228027,0.189555525779724,0.142940485354324,0.0400868485393127,1.27400438785553,1.84160176416238,0.105169986078035,0.265195722306023
0.54978221654892,-0.280483990907669,0.162793325276205,0.138553931893202,0.250538414220015,0.878688782453537,-0.601126419687842,-0.0561649764281578
1.39302539825439,0.140650063753128,0.171056205950102,0.0539278419070515,1.05911924044291,1.75757566293081,0.0249448195189417,0.244913949434262
1.38728046417236,0.136541321873665,0.224485421185788,0.0699833876405373,0.986309892932574,1.89406375686328,-0.00598666239767552,0.277393425363072
1.2336688041687,0.0871647670865059,0.166622762683992,0.0596360192084517,0.926939762135347,1.55632332265377,-0.0329486076210709,0.192099562033046
0.829721868038177,-0.0878968685865402,0.143643462051098,0.078366457813012,0.563005759815375,1.11297805309296,-0.249487245548366,0.0464865930725031
1.30879867076874,0.114871576428413,0.125506121484244,0.0418057071409596,1.07382518450419,1.58548660874367,0.0309335780660529,0.200162455965288
0.671772837638855,-0.179804906249046,0.119181954141303,0.0790456468257135,0.455309744924307,0.912895955642064,-0.341694314041122,-0.039578804685228
0.947603225708008,-0.0283341053873301,0.141805015939779,0.0662068395274807,0.673215369383494,1.24339383840561,-0.171846034320526,0.094608710904838
0.802277386188507,-0.0991868376731873,0.101410747826548,0.0555534246227669,0.610032253464063,1.00663814147313,-0.214648934581351,0.00287303455884196
1.07496798038483,0.0264971684664488,0.160943532802878,0.0655389094769852,0.787931206822395,1.40164812207222,-0.103511839271928,0.146638705441705
1.56597030162811,0.192850634455681,0.147473833644391,0.0410825702445623,1.28867869774501,1.86247992217541,0.110144154947046,0.27009159968016
2.22222852706909,0.345815181732178,0.148168338630454,0.0291847946109868,1.92588710784912,2.5111176431179,0.284630825947846,0.399867034062834
1.58114326000214,0.196835458278656,0.15624719259601,0.0432276646633687,1.28193559646606,1.89615191221237,0.10786574340449,0.277872072787063
0.614161133766174,-0.221518218517303,0.127470108249439,0.0940234695849742,0.368316347400347,0.867524377008279,-0.433779006626519,-0.0617183136323985
1.65921485424042,0.218004658818245,0.154738506423385,0.0407215986754861,1.37820238073667,1.96255334019661,0.139312995130921,0.292820768754227
0.394370466470718,-0.411166220903397,0.0682421871888412,0.0805134049832606,0.251743380477031,0.518046751618385,-0.599043569578795,-0.285631363143789
0.620961129665375,-0.222872450947762,0.163677325419715,0.120740401891305,0.320272324234247,0.975794845819473,-0.494497566562747,-0.0106422491785794
0.434799402952194,-0.387079060077667,0.135509174336782,0.159349386176503,0.152640526245038,0.707924843331178,-0.81635372753944,-0.150013860226568
0.55352109670639,-0.265778452157974,0.10758953448831,0.0906747502622618,0.345930657784144,0.765079393982887,-0.461013301721646,-0.116293580606355
2.07180047035217,0.314143419265747,0.20844378027255,0.0438725438567404,1.66335094074408,2.48868341247241,0.220983847309563,0.395969652954686
0.893043458461761,-0.0581372156739235,0.178377956503551,0.0899646143010748,0.552982356150945,1.26530409653982,-0.257288955271049,0.102191882507719
1.67909550666809,0.223433181643486,0.146219541840224,0.0378089331390853,1.40420483350754,1.97588534454505,0.147430453847207,0.29576162156548
0.855341553688049,-0.0700177475810051,0.0846286667063933,0.0435458451755129,0.681624579926332,1.02682789663474,-0.166454878150722,0.011497546399589
0.63278728723526,-0.202526062726974,0.0777793898907952,0.0605793796472844,0.48469948420922,0.782320933043957,-0.314527464068306,-0.106615061141551
1.25281035900116,0.0963767468929291,0.104566814832934,0.036230893338227,1.06366148889065,1.46458576420943,0.0268027952981416,0.165714778041255
1.48656392097473,0.170255616307259,0.139766383214336,0.0410383649640049,1.22250817616781,1.77404656608899,0.0872516993186679,0.248964893042523
1.11163508892059,0.0431528612971306,0.126045784672809,0.049583591778483,0.881660889585813,1.36391545931498,-0.0546984492356311,0.134787109085589
0.659873127937317,-0.184899374842644,0.0913672437337414,0.0625215247461172,0.472421251485745,0.834155383706093,-0.325670796869142,-0.0787539886579341
1.13333714008331,0.0526168569922447,0.100730398752271,0.0391257087591716,0.92847206791242,1.32182905177275,-0.0322316433880507,0.121175287984215
0.578241169452667,-0.241390332579613,0.067352713206366,0.0584636535392121,0.435634116828442,0.690204292535782,-0.360879409779126,-0.161022565671032
0.59344893693924,-0.235544368624687,0.116360023779999,0.0901198756805415,0.366091467688481,0.821033048629761,-0.436411683998563,-0.085639387375938
0.873642563819885,-0.0611268356442451,0.0925034761258954,0.0464688778136675,0.705541543662548,1.06449024180571,-0.151477545457421,0.0271416173556106
0.717416286468506,-0.148467302322388,0.0988044755706722,0.0613360313312288,0.529335622986158,0.921421064436436,-0.276268975275885,-0.0355419010822914
0.576423645019531,-0.249543979763985,0.121726876655988,0.0966493481898493,0.3400639526546,0.818371798098087,-0.468442506429897,-0.0870514952224189
0.345340847969055,-0.484548896551132,0.102665550690256,0.149962223779796,0.135952457909783,0.539548549056053,-0.866618296322948,-0.267969792414634
0.696928918361664,-0.158904805779457,0.0674888529723779,0.0430320942035987,0.564074373245239,0.822991061210632,-0.24866378128965,-0.0846048989456827
0.839288294315338,-0.0788140892982483,0.0930869427065215,0.0490110903271183,0.658006896078587,1.01904833416144,-0.181770458241216,0.00819473666774939
0.613658607006073,-0.215628072619438,0.0774331122066218,0.0561192767594621,0.460487335175276,0.76463048607111,-0.33678382658191,-0.116548704958855
0.24685101211071,-0.634097516536713,0.0787021566988035,0.162466076143395,0.091196943136553,0.40108330398798,-1.04002033628295,-0.396765864149558
0.433422237634659,-0.368118852376938,0.0641523336115406,0.0673166551482985,0.300119828432798,0.558978925645351,-0.522705312585262,-0.252604567124327
1.12210369110107,0.0460468605160713,0.150833332870108,0.0592562396740379,0.845263373355071,1.42750066518784,-0.0730079560339498,0.154575688418714
0.733177363872528,-0.138612911105156,0.0946912355520182,0.0587020032966917,0.550908340513706,0.915346719821294,-0.258920719552451,-0.0384149775820358
0.535137474536896,-0.278418511152267,0.0899246307865503,0.0806023170893988,0.362067054460446,0.706327840685844,-0.441216845672305,-0.150993683333425
0.754304945468903,-0.126827195286751,0.106116399145214,0.0621133313478393,0.553962947428226,0.985004688799381,-0.25652127534965,-0.0065617415138689
0.504343748092651,-0.305216401815414,0.0914348606424881,0.0862387449066572,0.320424857238928,0.683569663763046,-0.49427421287387,-0.16522116429426
0.655959725379944,-0.187690049409866,0.0936049143368803,0.0636919000355549,0.469512569655975,0.840072933832804,-0.328352837040056,-0.0756830147818534
0.73069840669632,-0.142088741064072,0.11760942875671,0.0720384739379206,0.49868373721838,0.961154472331206,-0.302174794559691,-0.0172073820166298
0.543311595916748,-0.270332545042038,0.0831715763526699,0.0696267791091417,0.357757608344158,0.701904024680455,-0.446411121434718,-0.153722697811189
0.544995725154877,-0.268745869398117,0.0814836023281253,0.0681262024556789,0.375189986079931,0.701808146635691,-0.425749460005627,-0.153785133855526
0.607782006263733,-0.222224533557892,0.0974047856457918,0.0737475760615178,0.411624429623286,0.801683581372102,-0.385498859438155,-0.0959971066762288
0.701945006847382,-0.157110974192619,0.0868228905640952,0.0549971698275298,0.539202662805716,0.868135125935078,-0.268248108591499,-0.0614126735984787
1.19282078742981,0.0734738782048225,0.140881913001117,0.0523472968899658,0.922483670214812,1.46008417805036,-0.0350413153499834,0.164377894820851
0.384638428688049,-0.427430629730225,0.0872551781916486,0.108217199560103,0.207355202237765,0.549129229784012,-0.683285356613997,-0.260325651495872
1.22079563140869,0.0842606499791145,0.128223518548813,0.0455232744390756,0.999401144683361,1.50879442890485,-0.000260745209240791,0.178630015409546
0.710942566394806,-0.154566213488579,0.119389925886158,0.0757499004438505,0.475912236919006,0.943406630059083,-0.322473715131241,-0.0253024019437953
0.722875475883484,-0.149511694908142,0.139952714919656,0.0880682157718475,0.453310674180587,1.00505046447118,-0.343604278993291,0.00218671707088671
0.813856363296509,-0.0926309674978256,0.0977358446003103,0.0528769750568628,0.633164323866367,1.01163930396239,-0.198484075489559,0.00502556911445449
0.661502778530121,-0.183926463127136,0.0921040680742128,0.0634507383488565,0.472884297122558,0.837923009196917,-0.325247074081085,-0.0767964737887462
0.280558466911316,-0.580734312534332,0.0968833281413561,0.16524965066844,0.111476098683973,0.490888402362664,-0.952818242142081,-0.309022637036752
0.560786545276642,-0.259150117635727,0.103918595763716,0.0850169830063067,0.343967951337496,0.771571574608485,-0.463484689464068,-0.11262379387041
0.70340633392334,-0.15653295814991,0.0905005249658923,0.0577656623033058,0.52139650285244,0.883383991817633,-0.282831898501092,-0.0538505512915294
0.602413356304169,-0.228535398840904,0.115293459373437,0.0875764769102159,0.387853473176559,0.83189988831679,-0.411332316044983,-0.0799289361243831
0.484030485153198,-0.322051495313644,0.084349357607078,0.0788666362516458,0.31920291831096,0.646206557750702,-0.495934233816742,-0.189628639044322
0.682233929634094,-0.171627253293991,0.107030041193575,0.0705009095149351,0.477285319318374,0.891572296619415,-0.321221932819816,-0.0498434345976313
2.56092429161072,0.406012684106827,0.27740963972521,0.0450337354465856,2.1040653069814,3.11139758825302,0.323059214819971,0.492955508978427
0.576836585998535,-0.244524821639061,0.0899950494994167,0.0708795799576546,0.390741821875175,0.743098005652428,-0.408111875129382,-0.128954165584685
0.274263352155685,-0.592281997203827,0.092076034360009,0.176821502254786,0.088298443891108,0.458429167171319,-1.05406321267151,-0.338728635816518
0.598605751991272,-0.226240709424019,0.072552912170051,0.0552502020534428,0.444251222163439,0.735139130055904,-0.35237963691487,-0.13363161256422
0.650701701641083,-0.190919235348701,0.0898749359572319,0.0619485563467326,0.473234981795152,0.830072077612082,-0.324923538500159,-0.0808842709623141
0.703754544258118,-0.156045451760292,0.0880280612224814,0.05531854852712,0.532708751658599,0.885958086450895,-0.273510168325288,-0.0525870795013979
0.402287364006042,-0.409377008676529,0.0964317852204069,0.114109183092568,0.206252150858442,0.577482607463996,-0.68560208101077,-0.238461197202267
0.476266801357269,-0.337395906448364,0.116720604632859,0.121738467247715,0.231370953346292,0.695686443646749,-0.635692187132016,-0.15758648112336
0.412645578384399,-0.395979285240173,0.0907240069877009,0.103621734360614,0.232458425934116,0.586577250560125,-0.633654780858139,-0.231675002972176
0.62216317653656,-0.212716832756996,0.0997657856831642,0.0805934860495852,0.4223124101758,0.799463737507661,-0.374366724699181,-0.0972019909076008
0.323684811592102,-0.507920861244202,0.0862429187552559,0.132347611615299,0.151193548366427,0.483215803653002,-0.820471622965434,-0.31585899439349
1.00704002380371,0.000718886440154165,0.103874345233669,0.0451364987812435,0.80754845092694,1.21427849928538,-0.0928314260821891,0.0843181352104129
0.841252565383911,-0.0793014317750931,0.116611391800174,0.0609783041343028,0.623642639815807,1.07862335244815,-0.205064228744999,0.0328697674409573
0.852925717830658,-0.0730046108365059,0.112569823551327,0.0590312124442026,0.634033577144146,1.07857719957829,-0.197888014240568,0.032850553128128
1.20253300666809,0.0775530189275742,0.130058263287609,0.0471264457969388,0.959344784915447,1.4700122187535,-0.0180253377828359,0.167320930420644
0.536152124404907,-0.27704843878746,0.0902614369209081,0.075053536534828,0.363234788924456,0.720656318465868,-0.439814127146998,-0.142278231159008
0.510035574436188,-0.304679811000824,0.103353837276497,0.116834769273412,0.30274101048708,0.693390187621117,-0.518939645112256,-0.159022310774599
0.588796496391296,-0.236963197588921,0.103207683469778,0.0787022572835544,0.3994378571709,0.792645435035229,-0.398551045569161,-0.100921041617571
0.591544449329376,-0.233646854758263,0.0936768216393129,0.0708349868754382,0.412217512975136,0.780234121779601,-0.384874576814306,-0.107775083775309
0.729550957679749,-0.142222106456757,0.112510310468802,0.0683139956941839,0.517916283011436,0.958592084546884,-0.285740686280803,-0.0183661944953508
0.975141227245331,-0.0158489141613245,0.14522158229357,0.0659299627624472,0.704292275508245,1.26750281850497,-0.152247084993734,0.102946998315253
0.256642490625381,-0.609065055847168,0.0661147782340802,0.138501808490806,0.121413661787907,0.373538308839003,-0.915735903694855,-0.427664851882459
0.945315659046173,-0.0284371729940176,0.127794048241218,0.0593945203710243,0.706091248989105,1.19842434823513,-0.151140345742229,0.0786106149683062
2.25101327896118,0.348660737276077,0.298788816073148,0.0566589638191045,1.73821299672127,2.87196818987528,0.240102919961756,0.45817961336213
0.388849705457687,-0.431097149848938,0.115808233978982,0.139380778718903,0.190288913125793,0.639880426228046,-0.720586597098319,-0.19390119229602
2.26054692268372,0.35213041305542,0.221114812730577,0.0426406867176929,1.83688127994537,2.69781335790952,0.264081088188902,0.431011502055214
0.631563603878021,-0.203289479017258,0.0805445005518287,0.0577539582521568,0.477045934895674,0.797595503429572,-0.321441629243565,-0.0982173599430838
0.551457107067108,-0.26658970117569,0.102505078815031,0.0862031915103309,0.34435620456934,0.746186767021815,-0.463004504887437,-0.127153087851219
1.05589067935944,0.0195654202252626,0.144056946674314,0.0595583415119602,0.789196888109048,1.35374155541261,-0.102815551685117,0.131533700953416
0.615696132183075,-0.213610872626305,0.0705169843483092,0.0516148901606126,0.47529461334149,0.74859711676836,-0.323038576029033,-0.125751850309594
0.393063992261887,-0.415203630924225,0.0784153371347966,0.0950815049670098,0.225690073271592,0.543896422783534,-0.646503879925243,-0.264484034823188
0.35331979393959,-0.465540558099747,0.0834014702185221,0.11385720685269,0.186364591494203,0.515778372188409,-0.729640323448601,-0.287537644497979
0.368886470794678,-0.446223676204681,0.0789943604425566,0.118201974824099,0.210341524456938,0.507703286906083,-0.677074983447303,-0.294390201569978
0.441141426563263,-0.365225821733475,0.086249346518978,0.0975214791175004,0.240254400173823,0.59448041121165,-0.619332237103674,-0.225862456474223
0.292523354291916,-0.552731871604919,0.0759770426453077,0.141081341095357,0.126461790502071,0.439870910098155,-0.898064911120382,-0.356675124618866
1.5032125711441,0.174489036202431,0.161601857772237,0.0470905587867108,1.1971174120903,1.82488995989164,0.0781353637491597,0.261236634284453
0.537975192070007,-0.275350421667099,0.0865909592809636,0.0749205548505259,0.370105807979902,0.697397589683533,-0.431675512022701,-0.156519557947926
0.253414452075958,-0.618711948394775,0.0769500959352077,0.146291637779966,0.110756626228491,0.408263521641493,-0.955632487550794,-0.389060020948162
0.449048221111298,-0.377806901931763,0.160408571403363,0.168403025276837,0.190735007449985,0.793785264591376,-0.719569589408188,-0.100297454855597
0.602787613868713,-0.222838521003723,0.0695743424577959,0.0517259490701691,0.468704955279827,0.738032027085622,-0.329100547641988,-0.131925053473705
0.622846484184265,-0.208735048770905,0.072569434022345,0.0529552927406461,0.473001764714718,0.75812537074089,-0.325140960482728,-0.120258970024895
0.545762240886688,-0.274689555168152,0.120897830628827,0.104321840062953,0.30455697303017,0.803494090835253,-0.516331607949902,-0.0950186773110763
0.642352521419525,-0.194869101047516,0.0698668176578722,0.0483752130909103,0.503524080912272,0.778746377925078,-0.297980136593126,-0.108603964045345
0.322951227426529,-0.505113661289215,0.07513571520126,0.118659509827023,0.147682968775431,0.465007483462493,-0.830680192206509,-0.332540075298429
0.496891498565674,-0.308256298303604,0.0687022228743489,0.0643431961502149,0.35115946556131,0.616171692311764,-0.454495890194247,-0.210298285761422
0.45238322019577,-0.351676285266876,0.076383358250639,0.0829528261832458,0.280457969009876,0.588284216821194,-0.552140356773765,-0.230412867882751
0.287179112434387,-0.560032904148102,0.0763904601926502,0.133437055580328,0.124277731031179,0.43543987646699,-0.905628567139197,-0.361071803123118
0.696881771087646,-0.159586161375046,0.0769001157320349,0.0494735122678894,0.546440455814203,0.843094080189864,-0.262457994687547,-0.0741239602193671
1.01376926898956,0.00101154739968479,0.152217054258552,0.0657838304312549,0.746521009504795,1.33958652218183,-0.126958188643805,0.126970766399237
0.524738967418671,-0.296509146690369,0.138923959890391,0.123320192718206,0.264743480831385,0.825372504194577,-0.577174849684693,-0.0833521631703118
0.358120232820511,-0.453731656074524,0.0633158299367337,0.0858674142890235,0.220057219266891,0.477174570411444,-0.657464663597208,-0.321322789358634
0.565434575080872,-0.253655344247818,0.0911630858260229,0.0740701951735233,0.376993173609177,0.742768094937007,-0.423672756109506,-0.129146803346548
0.371475458145142,-0.441270142793655,0.0789267527504658,0.103141815989171,0.200975786273678,0.517140605549018,-0.696857077626127,-0.2863916622154
0.37041038274765,-0.440095633268356,0.0710715345634268,0.0901490032632194,0.224158789714177,0.508670090138912,-0.649458596841168,-0.293564118332053
0.449515908956528,-0.354215025901794,0.0722353233782204,0.0837130544166069,0.277934823681911,0.572945323586464,-0.556072709240485,-0.241890510367246
0.735917925834656,-0.134899497032166,0.0645397896865958,0.0392035990706698,0.60881183197101,0.855857640008132,-0.215517837629426,-0.0675986760957606
0.358775228261948,-0.453256547451019,0.0660075391523779,0.0863783916571399,0.221679662168026,0.481285125762224,-0.654276336899557,-0.317597693024476
0.610277831554413,-0.218620300292969,0.0819715413137493,0.0611542112783528,0.442597881456216,0.763467812041442,-0.353991855290503,-0.117209365864904
0.747352600097656,-0.130489587783813,0.10078319170656,0.0595237890302745,0.561533751090368,0.953369062642256,-0.250624154577614,-0.0207389452858553
0.306379228830338,-0.526584386825562,0.06731309947218,0.11283391977017,0.143609399224321,0.424309231589238,-0.842844603850172,-0.372318183670057
0.368652909994125,-0.442928582429886,0.0746237533755147,0.0932642551896063,0.221254530673226,0.513307370245457,-0.655116929564888,-0.289622684240607
1.53477084636688,0.18343248963356,0.169055902525104,0.0476235044653182,1.24063882728418,1.88580523729324,0.0936453679571998,0.2754964829321
